  0.3367	  0.3471	 -0.2880	 -2.9721	  0.0000
  0.4610	  0.3471	 -0.0219	 -3.0306	  0.0000
  0.5854	  0.3471	 -0.0418	 -3.1712	  0.0000
  0.7097	  0.3471	 -0.1636	 -3.2293	  0.0000
  0.8340	  0.3471	 -0.0402	 -3.2125	  0.0000
  0.9584	  0.3471	 -0.0315	 -3.1493	  0.0000
  1.0827	  0.3471	 -0.0046	 -3.1365	  0.0000
  1.2070	  0.3471	  0.1594	 -3.1183	  0.0000
  1.3313	  0.3471	  0.3101	 -3.0437	  0.0000
  1.4557	  0.3471	  0.2584	 -3.0698	  0.0000
  1.5800	  0.3471	  0.1269	 -2.9725	  0.0000
  1.7043	  0.3471	  0.3020	 -3.0219	  0.0000
  1.8286	  0.3471	  0.2592	 -3.1143	  0.0000
  1.9530	  0.3471	  0.1138	 -3.1023	  0.0000
  2.0773	  0.3471	  0.0779	 -3.0915	  1.0000
  2.2016	  0.3471	  0.0028	 -3.1456	  0.0000
  2.3259	  0.3471	 -0.0902	 -2.9102	  1.0000
  2.4503	  0.3471	  0.1457	 -2.8381	  0.0000
  2.5746	  0.3471	 -0.1564	 -2.5683	  0.0000
  2.6989	  0.3471	 -0.2829	 -2.4848	  0.0000
  2.8232	  0.3471	 -0.2638	 -2.5231	  0.0000
  2.9476	  0.3471	 -0.0621	 -2.8584	  0.0000
  3.0719	  0.3471	 -0.0826	 -2.9688	  0.0000
  3.1962	  0.3471	 -0.1161	 -2.8981	  0.0000
  3.3206	  0.3471	  0.0418	 -2.8931	  0.0000
  3.4449	  0.3471	  0.1814	 -3.0234	  0.0000
  3.5692	  0.3471	  0.1338	 -3.1110	  0.0000
  3.6935	  0.3471	 -0.0391	 -3.0949	  0.0000
  3.8179	  0.3471	 -0.1885	 -3.0422	  0.0000
  3.9422	  0.3471	 -0.2891	 -2.7853	  0.0000
  4.0665	  0.3471	 -0.1930	 -2.9690	  0.0000
  4.1908	  0.3471	 -0.1606	 -3.0419	  0.0000
  4.3152	  0.3471	 -0.1590	 -2.7235	  0.0000
  4.4395	  0.3471	 -0.1497	 -2.7222	  0.0000
  4.5638	  0.3471	 -0.0668	 -2.7990	  0.0000
  4.6881	  0.3471	  0.1568	 -3.1198	  0.0000
  4.8125	  0.3471	  0.0871	 -3.2329	  0.0000
  4.9368	  0.3471	 -0.0638	 -3.3275	  1.0000
  0.3367	  0.4714	 -0.3271	 -2.8730	  0.0000
  0.4610	  0.4714	 -0.1202	 -3.0158	  0.0000
  0.5854	  0.4714	 -0.0933	 -3.1716	  0.0000
  0.7097	  0.4714	 -0.1342	 -3.2368	  0.0000
  0.8340	  0.4714	  0.0412	 -3.2616	  0.0000
  0.9584	  0.4714	  0.0278	 -3.1769	  0.0000
  1.0827	  0.4714	  0.0238	 -3.1664	  0.0000
  1.2070	  0.4714	  0.1831	 -3.1015	  0.0000
  1.3313	  0.4714	  0.3026	 -3.0097	  0.0000
  1.4557	  0.4714	  0.1614	 -3.0715	  0.0000
  1.5800	  0.4714	  0.0970	 -2.9805	  0.0000
  1.7043	  0.4714	  0.2962	 -2.9384	  0.0000
  1.8286	  0.4714	  0.3682	 -3.0974	  0.0000
  1.9530	  0.4714	  0.3543	 -3.2129	  0.0000
  2.0773	  0.4714	  0.0323	 -3.0457	  1.0000
  2.2016	  0.4714	 -0.0471	 -3.2110	  0.0000
  2.3259	  0.4714	 -0.1551	 -3.1537	  0.0000
  2.4503	  0.4714	 -0.1336	 -2.7748	  0.0000
  2.5746	  0.4714	 -0.1969	 -2.5790	  0.0000
  2.6989	  0.4714	 -0.3267	 -2.5034	  0.0000
  2.8232	  0.4714	 -0.4015	 -2.5953	  0.0000
  2.9476	  0.4714	 -0.3605	 -2.6688	  0.0000
  3.0719	  0.4714	 -0.1564	 -2.7154	  0.0000
  3.1962	  0.4714	 -0.0473	 -2.7162	  0.0000
  3.3206	  0.4714	 -0.0535	 -2.7555	  0.0000
  3.4449	  0.4714	 -0.0967	 -2.8738	  0.0000
  3.5692	  0.4714	  0.0547	 -3.1148	  0.0000
  3.6935	  0.4714	  0.0408	 -3.1550	  0.0000
  3.8179	  0.4714	 -0.0886	 -3.0690	  0.0000
  3.9422	  0.4714	 -0.1180	 -2.9366	  0.0000
  4.0665	  0.4714	 -0.1752	 -2.8900	  0.0000
  4.1908	  0.4714	 -0.1553	 -2.9103	  0.0000
  4.3152	  0.4714	 -0.1412	 -2.7200	  0.0000
  4.4395	  0.4714	 -0.1477	 -2.6795	  0.0000
  4.5638	  0.4714	 -0.1116	 -2.7279	  0.0000
  4.6881	  0.4714	  0.0260	 -3.1398	  0.0000
  4.8125	  0.4714	 -0.0631	 -3.5468	  0.0000
  4.9368	  0.4714	 -0.2080	 -3.4420	  0.0000
  0.3367	  0.5957	 -0.4108	 -2.8019	  0.0000
  0.4610	  0.5957	 -0.5310	 -3.0276	  0.0000
  0.5854	  0.5957	 -0.5580	 -3.0753	  0.0000
  0.7097	  0.5957	 -0.1264	 -3.1734	  0.0000
  0.8340	  0.5957	 -0.0049	 -3.2167	  0.0000
  0.9584	  0.5957	 -0.0172	 -3.2035	  0.0000
  1.0827	  0.5957	  0.0507	 -3.1490	  0.0000
  1.2070	  0.5957	  0.0829	 -3.1270	  0.0000
  1.3313	  0.5957	  0.1550	 -3.0670	  0.0000
  1.4557	  0.5957	  0.1968	 -2.9919	  0.0000
  1.5800	  0.5957	  0.1353	 -2.9279	  0.0000
  1.7043	  0.5957	  0.2266	 -2.5004	  0.0000
  1.8286	  0.5957	  0.1985	 -2.9675	  1.0000
  1.9530	  0.5957	  0.4677	 -3.2297	  0.0000
  2.0773	  0.5957	  0.1796	 -3.0832	  0.0000
  2.2016	  0.5957	 -0.2587	 -3.0155	  0.0000
  2.3259	  0.5957	 -0.3297	 -2.9878	  0.0000
  2.4503	  0.5957	 -0.1343	 -2.6875	  0.0000
  2.5746	  0.5957	 -0.2660	 -2.5434	  0.0000
  2.6989	  0.5957	 -0.4096	 -2.5027	  0.0000
  2.8232	  0.5957	 -0.4685	 -2.5074	  0.0000
  2.9476	  0.5957	 -0.3753	 -2.6256	  0.0000
  3.0719	  0.5957	 -0.2803	 -2.6644	  0.0000
  3.1962	  0.5957	 -0.1445	 -2.6467	  0.0000
  3.3206	  0.5957	 -0.1179	 -2.6656	  0.0000
  3.4449	  0.5957	 -0.2022	 -2.7314	  0.0000
  3.5692	  0.5957	  0.0014	 -3.0496	  0.0000
  3.6935	  0.5957	  0.0880	 -3.0902	  0.0000
  3.8179	  0.5957	 -0.0037	 -3.0466	  0.0000
  3.9422	  0.5957	 -0.0629	 -3.0067	  0.0000
  4.0665	  0.5957	 -0.1447	 -2.9325	  0.0000
  4.1908	  0.5957	 -0.2224	 -2.8450	  0.0000
  4.3152	  0.5957	 -0.2165	 -2.6716	  0.0000
  4.4395	  0.5957	 -0.2673	 -2.5676	  0.0000
  4.5638	  0.5957	 -0.3352	 -2.7093	  0.0000
  4.6881	  0.5957	 -0.1589	 -3.0453	  1.0000
  4.8125	  0.5957	 -0.1658	 -3.5520	  0.0000
  4.9368	  0.5957	 -0.1925	 -3.5183	  0.0000
  0.3367	  0.7201	 -0.2164	 -2.7329	  0.0000
  0.4610	  0.7201	 -0.4859	 -2.9750	  0.0000
  0.5854	  0.7201	 -0.5522	 -3.0682	  0.0000
  0.7097	  0.7201	 -0.1337	 -3.0080	  1.0000
  0.8340	  0.7201	 -0.0549	 -3.0090	  1.0000
  0.9584	  0.7201	 -0.0474	 -3.1397	  0.0000
  1.0827	  0.7201	  0.0296	 -3.1028	  0.0000
  1.2070	  0.7201	  0.0560	 -3.0830	  0.0000
  1.3313	  0.7201	  0.1618	 -2.9891	  0.0000
  1.4557	  0.7201	  0.3607	 -2.8733	  0.0000
  1.5800	  0.7201	  0.5306	 -2.6967	  0.0000
  1.7043	  0.7201	  0.4535	 -2.6290	  0.0000
  1.8286	  0.7201	  0.3209	 -2.6506	  0.0000
  1.9530	  0.7201	  0.0886	 -3.0048	  1.0000
  2.0773	  0.7201	 -0.3770	 -3.1040	  0.0000
  2.2016	  0.7201	 -0.3993	 -2.9964	  0.0000
  2.3259	  0.7201	 -0.1539	 -2.7861	  0.0000
  2.4503	  0.7201	 -0.0420	 -2.6917	  0.0000
  2.5746	  0.7201	 -0.2890	 -2.5829	  0.0000
  2.6989	  0.7201	 -0.4048	 -2.4615	  0.0000
  2.8232	  0.7201	 -0.3415	 -2.4794	  0.0000
  2.9476	  0.7201	 -0.2656	 -2.6435	  0.0000
  3.0719	  0.7201	 -0.2689	 -2.7144	  0.0000
  3.1962	  0.7201	 -0.1645	 -2.7777	  0.0000
  3.3206	  0.7201	 -0.0768	 -2.6987	  0.0000
  3.4449	  0.7201	 -0.1897	 -2.7083	  0.0000
  3.5692	  0.7201	 -0.1911	 -2.8589	  0.0000
  3.6935	  0.7201	 -0.0615	 -2.9929	  0.0000
  3.8179	  0.7201	 -0.0707	 -3.0872	  0.0000
  3.9422	  0.7201	 -0.1196	 -3.1510	  0.0000
  4.0665	  0.7201	 -0.1860	 -3.1188	  0.0000
  4.1908	  0.7201	 -0.3498	 -2.9327	  0.0000
  4.3152	  0.7201	 -0.1470	 -2.5922	  0.0000
  4.4395	  0.7201	 -0.1365	 -2.5740	  0.0000
  4.5638	  0.7201	 -0.2313	 -2.7421	  0.0000
  4.6881	  0.7201	 -0.4173	 -3.0540	  0.0000
  4.8125	  0.7201	 -0.4921	 -3.3517	  0.0000
  4.9368	  0.7201	 -0.1601	 -3.3773	  0.0000
  0.3367	  0.8444	 -0.2509	 -2.9369	  1.0000
  0.4610	  0.8444	 -0.1690	 -2.9529	  0.0000
  0.5854	  0.8444	 -0.2800	 -3.0298	  0.0000
  0.7097	  0.8444	 -0.3210	 -3.0801	  0.0000
  0.8340	  0.8444	 -0.0041	 -2.7552	  0.0000
  0.9584	  0.8444	  0.0988	 -2.7803	  0.0000
  1.0827	  0.8444	  0.1733	 -2.8434	  0.0000
  1.2070	  0.8444	  0.2119	 -2.7891	  0.0000
  1.3313	  0.8444	  0.2913	 -2.7413	  0.0000
  1.4557	  0.8444	  0.4165	 -2.6576	  0.0000
  1.5800	  0.8444	  0.5452	 -2.5873	  0.0000
  1.7043	  0.8444	  0.5156	 -2.6242	  0.0000
  1.8286	  0.8444	  0.1684	 -2.9398	  0.0000
  1.9530	  0.8444	 -0.1494	 -3.3813	  0.0000
  2.0773	  0.8444	 -0.3842	 -3.2507	  0.0000
  2.2016	  0.8444	 -0.3720	 -2.9580	  0.0000
  2.3259	  0.8444	 -0.0891	 -2.8485	  0.0000
  2.4503	  0.8444	 -0.0476	 -2.8331	  0.0000
  2.5746	  0.8444	 -0.0645	 -2.8044	  0.0000
  2.6989	  0.8444	 -0.0683	 -2.6384	  0.0000
  2.8232	  0.8444	 -0.0679	 -2.6106	  0.0000
  2.9476	  0.8444	 -0.0741	 -2.5976	  0.0000
  3.0719	  0.8444	 -0.2236	 -2.5578	  0.0000
  3.1962	  0.8444	 -0.2447	 -2.7249	  0.0000
  3.3206	  0.8444	 -0.2689	 -2.9595	  0.0000
  3.4449	  0.8444	 -0.3067	 -2.9559	  0.0000
  3.5692	  0.8444	 -0.2376	 -2.9192	  0.0000
  3.6935	  0.8444	 -0.2131	 -3.0204	  0.0000
  3.8179	  0.8444	 -0.2285	 -3.1228	  0.0000
  3.9422	  0.8444	 -0.1632	 -3.2055	  0.0000
  4.0665	  0.8444	 -0.1926	 -3.1670	  0.0000
  4.1908	  0.8444	 -0.1124	 -2.8252	  1.0000
  4.3152	  0.8444	  0.1801	 -2.6318	  0.0000
  4.4395	  0.8444	  0.0854	 -2.6448	  0.0000
  4.5638	  0.8444	 -0.1579	 -2.7831	  0.0000
  4.6881	  0.8444	 -0.3282	 -3.0692	  0.0000
  4.8125	  0.8444	 -0.3395	 -3.2460	  0.0000
  4.9368	  0.8444	 -0.1430	 -3.1360	  0.0000
  0.3367	  0.9687	 -0.1532	 -2.9363	  1.0000
  0.4610	  0.9687	 -0.1281	 -2.9312	  1.0000
  0.5854	  0.9687	  0.0660	 -2.8159	  0.0000
  0.7097	  0.9687	 -0.0017	 -2.7774	  0.0000
  0.8340	  0.9687	  0.0389	 -2.6690	  0.0000
  0.9584	  0.9687	  0.1515	 -2.6540	  0.0000
  1.0827	  0.9687	  0.2551	 -2.6570	  0.0000
  1.2070	  0.9687	  0.3456	 -2.7330	  0.0000
  1.3313	  0.9687	  0.3816	 -2.6555	  0.0000
  1.4557	  0.9687	  0.3209	 -2.5636	  0.0000
  1.5800	  0.9687	  0.3370	 -2.5409	  0.0000
  1.7043	  0.9687	  0.2776	 -2.6281	  0.0000
  1.8286	  0.9687	  0.1198	 -3.1101	  0.0000
  1.9530	  0.9687	  0.0532	 -3.3509	  0.0000
  2.0773	  0.9687	  0.0404	 -3.2536	  0.0000
  2.2016	  0.9687	  0.0363	 -2.9367	  0.0000
  2.3259	  0.9687	  0.0786	 -2.9051	  0.0000
  2.4503	  0.9687	  0.0283	 -2.9089	  0.0000
  2.5746	  0.9687	 -0.1594	 -2.7630	  0.0000
  2.6989	  0.9687	 -0.2332	 -2.6302	  0.0000
  2.8232	  0.9687	 -0.2967	 -2.6019	  0.0000
  2.9476	  0.9687	 -0.1956	 -2.5619	  0.0000
  3.0719	  0.9687	 -0.2557	 -2.5060	  0.0000
  3.1962	  0.9687	 -0.3137	 -2.6333	  0.0000
  3.3206	  0.9687	 -0.3676	 -2.8849	  0.0000
  3.4449	  0.9687	 -0.3942	 -2.9235	  0.0000
  3.5692	  0.9687	 -0.4121	 -2.8923	  0.0000
  3.6935	  0.9687	 -0.4870	 -2.9635	  0.0000
  3.8179	  0.9687	 -0.4214	 -3.0131	  0.0000
  3.9422	  0.9687	 -0.3381	 -3.0406	  0.0000
  4.0665	  0.9687	 -0.1205	 -2.8605	  0.0000
  4.1908	  0.9687	  0.1357	 -2.6047	  0.0000
  4.3152	  0.9687	  0.0943	 -2.7502	  0.0000
  4.4395	  0.9687	 -0.0077	 -2.7977	  0.0000
  4.5638	  0.9687	 -0.1632	 -2.8708	  0.0000
  4.6881	  0.9687	 -0.2080	 -3.0669	  0.0000
  4.8125	  0.9687	 -0.0690	 -3.0080	  0.0000
  4.9368	  0.9687	 -0.2335	 -3.0436	  1.0000
  0.3367	  1.0930	 -0.0506	 -2.9598	  0.0000
  0.4610	  1.0930	 -0.0595	 -2.9434	  1.0000
  0.5854	  1.0930	  0.0530	 -2.8740	  0.0000
  0.7097	  1.0930	  0.1383	 -2.6718	  0.0000
  0.8340	  1.0930	  0.2050	 -2.6406	  0.0000
  0.9584	  1.0930	  0.3897	 -2.6107	  0.0000
  1.0827	  1.0930	  0.4544	 -2.6357	  0.0000
  1.2070	  1.0930	  0.4381	 -2.6995	  0.0000
  1.3313	  1.0930	  0.4186	 -2.6589	  0.0000
  1.4557	  1.0930	  0.3337	 -2.6523	  0.0000
  1.5800	  1.0930	  0.2194	 -2.6286	  0.0000
  1.7043	  1.0930	  0.0524	 -2.6820	  0.0000
  1.8286	  1.0930	  0.1341	 -3.1661	  0.0000
  1.9530	  1.0930	  0.0260	 -3.3738	  0.0000
  2.0773	  1.0930	 -0.0103	 -3.2462	  0.0000
  2.2016	  1.0930	  0.0423	 -3.0336	  0.0000
  2.3259	  1.0930	 -0.0056	 -2.9485	  0.0000
  2.4503	  1.0930	 -0.0634	 -2.9803	  0.0000
  2.5746	  1.0930	 -0.2181	 -2.8451	  0.0000
  2.6989	  1.0930	 -0.2544	 -2.6000	  0.0000
  2.8232	  1.0930	 -0.2932	 -2.4875	  0.0000
  2.9476	  1.0930	 -0.2993	 -2.6000	  0.0000
  3.0719	  1.0930	 -0.2400	 -2.5108	  0.0000
  3.1962	  1.0930	 -0.2528	 -2.5517	  0.0000
  3.3206	  1.0930	 -0.3253	 -2.7674	  0.0000
  3.4449	  1.0930	 -0.3697	 -2.8369	  0.0000
  3.5692	  1.0930	 -0.6591	 -2.8953	  0.0000
  3.6935	  1.0930	 -0.5026	 -2.9891	  0.0000
  3.8179	  1.0930	 -0.4167	 -2.9980	  0.0000
  3.9422	  1.0930	 -0.3577	 -2.9132	  0.0000
  4.0665	  1.0930	 -0.0348	 -2.6342	  0.0000
  4.1908	  1.0930	  0.0548	 -2.5995	  0.0000
  4.3152	  1.0930	 -0.0633	 -2.7539	  0.0000
  4.4395	  1.0930	 -0.1166	 -2.8095	  0.0000
  4.5638	  1.0930	 -0.3023	 -2.9036	  0.0000
  4.6881	  1.0930	 -0.2719	 -2.9838	  0.0000
  4.8125	  1.0930	 -0.1393	 -2.9648	  0.0000
  4.9368	  1.0930	 -0.1899	 -2.9168	  1.0000
  0.3367	  1.2174	 -0.0570	 -2.9161	  0.0000
  0.4610	  1.2174	  0.0031	 -2.9482	  1.0000
  0.5854	  1.2174	 -0.0114	 -3.0291	  0.0000
  0.7097	  1.2174	  0.0594	 -3.0373	  0.0000
  0.8340	  1.2174	  0.2141	 -3.0034	  0.0000
  0.9584	  1.2174	  0.4653	 -2.7207	  0.0000
  1.0827	  1.2174	  0.4155	 -2.8039	  0.0000
  1.2070	  1.2174	  0.2922	 -2.8639	  0.0000
  1.3313	  1.2174	  0.3156	 -2.8343	  0.0000
  1.4557	  1.2174	  0.1075	 -2.8721	  0.0000
  1.5800	  1.2174	  0.0014	 -2.9222	  0.0000
  1.7043	  1.2174	 -0.0065	 -3.0203	  1.0000
  1.8286	  1.2174	  0.1519	 -3.2505	  0.0000
  1.9530	  1.2174	  0.0007	 -3.4247	  0.0000
  2.0773	  1.2174	 -0.0410	 -3.3270	  0.0000
  2.2016	  1.2174	 -0.0437	 -3.2804	  0.0000
  2.3259	  1.2174	 -0.1437	 -3.1239	  0.0000
  2.4503	  1.2174	 -0.1189	 -3.0456	  0.0000
  2.5746	  1.2174	 -0.1541	 -2.9677	  0.0000
  2.6989	  1.2174	 -0.1818	 -2.6153	  0.0000
  2.8232	  1.2174	 -0.0555	 -2.5000	  0.0000
  2.9476	  1.2174	 -0.0426	 -2.5162	  0.0000
  3.0719	  1.2174	 -0.0530	 -2.3779	  0.0000
  3.1962	  1.2174	 -0.1895	 -2.3068	  0.0000
  3.3206	  1.2174	 -0.2279	 -2.7322	  0.0000
  3.4449	  1.2174	 -0.2006	 -2.8864	  0.0000
  3.5692	  1.2174	 -0.2174	 -2.7887	  0.0000
  3.6935	  1.2174	 -0.3581	 -2.9009	  0.0000
  3.8179	  1.2174	 -0.3286	 -2.9033	  0.0000
  3.9422	  1.2174	 -0.3312	 -2.6465	  0.0000
  4.0665	  1.2174	 -0.3957	 -2.6854	  0.0000
  4.1908	  1.2174	 -0.5806	 -3.0089	  0.0000
  4.3152	  1.2174	 -0.5484	 -3.0546	  0.0000
  4.4395	  1.2174	 -0.4859	 -2.9165	  0.0000
  4.5638	  1.2174	 -0.4101	 -2.8563	  0.0000
  4.6881	  1.2174	 -0.2244	 -2.7081	  0.0000
  4.8125	  1.2174	 -0.1180	 -2.8894	  0.0000
  4.9368	  1.2174	 -0.1601	 -2.8184	  1.0000
  0.3367	  1.3417	 -0.0300	 -2.9442	  1.0000
  0.4610	  1.3417	 -0.0056	 -2.9496	  1.0000
  0.5854	  1.3417	 -0.0208	 -3.0312	  0.0000
  0.7097	  1.3417	  0.0358	 -3.0942	  0.0000
  0.8340	  1.3417	  0.1186	 -3.0664	  0.0000
  0.9584	  1.3417	  0.1206	 -2.9981	  0.0000
  1.0827	  1.3417	  0.0809	 -2.9244	  0.0000
  1.2070	  1.3417	  0.0976	 -2.7970	  0.0000
  1.3313	  1.3417	  0.1840	 -2.8674	  0.0000
  1.4557	  1.3417	  0.0678	 -2.9371	  0.0000
  1.5800	  1.3417	 -0.1127	 -3.0163	  0.0000
  1.7043	  1.3417	 -0.4120	 -3.2423	  0.0000
  1.8286	  1.3417	 -0.5802	 -3.3145	  0.0000
  1.9530	  1.3417	 -0.0101	 -3.1583	  0.0000
  2.0773	  1.3417	  0.0082	 -3.1777	  0.0000
  2.2016	  1.3417	 -0.0063	 -3.2411	  0.0000
  2.3259	  1.3417	  0.0107	 -3.1958	  0.0000
  2.4503	  1.3417	 -0.0425	 -3.0099	  0.0000
  2.5746	  1.3417	  0.0047	 -2.8060	  1.0000
  2.6989	  1.3417	  0.1484	 -2.6234	  0.0000
  2.8232	  1.3417	 -0.0002	 -2.4546	  0.0000
  2.9476	  1.3417	  0.0544	 -2.4711	  0.0000
  3.0719	  1.3417	 -0.1074	 -2.4670	  0.0000
  3.1962	  1.3417	 -0.2784	 -2.4243	  0.0000
  3.3206	  1.3417	 -0.3906	 -2.4726	  0.0000
  3.4449	  1.3417	 -0.0110	 -2.7930	  0.0000
  3.5692	  1.3417	 -0.0507	 -2.8003	  0.0000
  3.6935	  1.3417	 -0.1412	 -2.8738	  0.0000
  3.8179	  1.3417	 -0.1528	 -2.9875	  0.0000
  3.9422	  1.3417	 -0.3630	 -2.7229	  0.0000
  4.0665	  1.3417	 -0.4382	 -2.8180	  0.0000
  4.1908	  1.3417	 -0.4445	 -2.9137	  0.0000
  4.3152	  1.3417	 -0.3702	 -2.9438	  0.0000
  4.4395	  1.3417	 -0.3842	 -2.8752	  0.0000
  4.5638	  1.3417	 -0.1198	 -2.6174	  0.0000
  4.6881	  1.3417	 -0.1432	 -2.5420	  0.0000
  4.8125	  1.3417	 -0.1550	 -2.6248	  0.0000
  4.9368	  1.3417	 -0.1249	 -2.7337	  1.0000
  0.3367	  1.4660	  0.0600	 -3.0352	  0.0000
  0.4610	  1.4660	 -0.0372	 -2.9176	  1.0000
  0.5854	  1.4660	  0.1089	 -3.0980	  0.0000
  0.7097	  1.4660	  0.0565	 -3.0303	  0.0000
  0.8340	  1.4660	  0.0636	 -2.8189	  0.0000
  0.9584	  1.4660	 -0.0173	 -2.9534	  0.0000
  1.0827	  1.4660	 -0.0145	 -2.9230	  0.0000
  1.2070	  1.4660	 -0.0564	 -2.6566	  0.0000
  1.3313	  1.4660	  0.0227	 -2.8867	  1.0000
  1.4557	  1.4660	  0.0667	 -3.0352	  0.0000
  1.5800	  1.4660	 -0.2269	 -3.0953	  0.0000
  1.7043	  1.4660	 -0.4513	 -3.1847	  0.0000
  1.8286	  1.4660	 -0.5603	 -3.2255	  0.0000
  1.9530	  1.4660	 -0.0721	 -3.1117	  0.0000
  2.0773	  1.4660	 -0.1021	 -3.0735	  0.0000
  2.2016	  1.4660	 -0.0420	 -3.1068	  0.0000
  2.3259	  1.4660	  0.1193	 -3.0829	  0.0000
  2.4503	  1.4660	  0.1291	 -2.9830	  0.0000
  2.5746	  1.4660	  0.1646	 -2.9135	  0.0000
  2.6989	  1.4660	  0.2502	 -2.5876	  0.0000
  2.8232	  1.4660	  0.0311	 -2.4039	  0.0000
  2.9476	  1.4660	 -0.0054	 -2.4626	  0.0000
  3.0719	  1.4660	 -0.2649	 -2.4925	  0.0000
  3.1962	  1.4660	 -0.3780	 -2.4700	  0.0000
  3.3206	  1.4660	 -0.4974	 -2.4673	  0.0000
  3.4449	  1.4660	 -0.2939	 -2.4454	  0.0000
  3.5692	  1.4660	  0.0124	 -2.7671	  0.0000
  3.6935	  1.4660	 -0.1851	 -2.8638	  0.0000
  3.8179	  1.4660	 -0.2039	 -2.8596	  0.0000
  3.9422	  1.4660	 -0.1468	 -2.8866	  0.0000
  4.0665	  1.4660	 -0.1509	 -2.9550	  0.0000
  4.1908	  1.4660	 -0.1718	 -2.8198	  0.0000
  4.3152	  1.4660	 -0.1080	 -2.7987	  0.0000
  4.4395	  1.4660	 -0.0021	 -2.6702	  0.0000
  4.5638	  1.4660	 -0.0326	 -2.5491	  0.0000
  4.6881	  1.4660	 -0.0762	 -2.5505	  0.0000
  4.8125	  1.4660	 -0.1236	 -2.6683	  0.0000
  4.9368	  1.4660	 -0.1645	 -2.7565	  0.0000
  0.3367	  1.5903	 -0.4304	 -2.5109	  0.0000
  0.4610	  1.5903	 -0.0668	 -2.8661	  1.0000
  0.5854	  1.5903	  0.0237	 -3.1006	  0.0000
  0.7097	  1.5903	  0.0478	 -2.9953	  0.0000
  0.8340	  1.5903	  0.0012	 -2.7603	  0.0000
  0.9584	  1.5903	  0.0427	 -2.7993	  0.0000
  1.0827	  1.5903	  0.0417	 -2.8012	  0.0000
  1.2070	  1.5903	 -0.0020	 -2.7197	  0.0000
  1.3313	  1.5903	  0.0005	 -2.7503	  0.0000
  1.4557	  1.5903	 -0.1141	 -2.8850	  0.0000
  1.5800	  1.5903	 -0.2276	 -3.1704	  0.0000
  1.7043	  1.5903	 -0.3781	 -3.0354	  0.0000
  1.8286	  1.5903	 -0.4842	 -3.0077	  0.0000
  1.9530	  1.5903	 -0.2209	 -2.9521	  0.0000
  2.0773	  1.5903	 -0.2092	 -2.9490	  0.0000
  2.2016	  1.5903	 -0.1520	 -2.9737	  0.0000
  2.3259	  1.5903	  0.1336	 -3.0271	  0.0000
  2.4503	  1.5903	  0.1584	 -2.9812	  0.0000
  2.5746	  1.5903	  0.2102	 -2.8869	  0.0000
  2.6989	  1.5903	  0.2103	 -2.6086	  0.0000
  2.8232	  1.5903	  0.0781	 -2.4715	  0.0000
  2.9476	  1.5903	 -0.1432	 -2.5301	  1.0000
  3.0719	  1.5903	 -0.3494	 -2.5057	  0.0000
  3.1962	  1.5903	 -0.3740	 -2.4957	  0.0000
  3.3206	  1.5903	 -0.5117	 -2.4733	  0.0000
  3.4449	  1.5903	 -0.5296	 -2.5007	  0.0000
  3.5692	  1.5903	 -0.4493	 -2.5707	  0.0000
  3.6935	  1.5903	 -0.3866	 -2.6714	  0.0000
  3.8179	  1.5903	 -0.2812	 -2.7460	  0.0000
  3.9422	  1.5903	 -0.1260	 -2.6709	  0.0000
  4.0665	  1.5903	 -0.1143	 -2.7705	  0.0000
  4.1908	  1.5903	  0.0223	 -2.8652	  0.0000
  4.3152	  1.5903	  0.1154	 -2.8352	  0.0000
  4.4395	  1.5903	  0.0533	 -2.7277	  0.0000
  4.5638	  1.5903	  0.0014	 -2.5492	  0.0000
  4.6881	  1.5903	 -0.0099	 -2.5553	  0.0000
  4.8125	  1.5903	 -0.0103	 -2.6527	  0.0000
  4.9368	  1.5903	  0.0286	 -2.6683	  0.0000
  0.3367	  1.7147	 -0.4593	 -2.4920	  0.0000
  0.4610	  1.7147	 -0.1553	 -2.7946	  1.0000
  0.5854	  1.7147	 -0.1119	 -2.7812	  1.0000
  0.7097	  1.7147	  0.1982	 -2.7556	  0.0000
  0.8340	  1.7147	  0.1355	 -2.7492	  0.0000
  0.9584	  1.7147	  0.0458	 -2.7377	  0.0000
  1.0827	  1.7147	  0.0362	 -2.6621	  0.0000
  1.2070	  1.7147	 -0.0200	 -2.7368	  0.0000
  1.3313	  1.7147	 -0.0776	 -2.8484	  0.0000
  1.4557	  1.7147	 -0.2365	 -2.9387	  0.0000
  1.5800	  1.7147	 -0.0738	 -3.2203	  0.0000
  1.7043	  1.7147	 -0.0656	 -3.1882	  0.0000
  1.8286	  1.7147	 -0.1098	 -2.9919	  1.0000
  1.9530	  1.7147	  0.0656	 -2.6379	  0.0000
  2.0773	  1.7147	  0.0688	 -2.7275	  0.0000
  2.2016	  1.7147	 -0.0405	 -3.0113	  0.0000
  2.3259	  1.7147	  0.0615	 -3.0563	  0.0000
  2.4503	  1.7147	  0.1259	 -2.9907	  0.0000
  2.5746	  1.7147	  0.3387	 -2.7046	  0.0000
  2.6989	  1.7147	  0.2442	 -2.5818	  0.0000
  2.8232	  1.7147	 -0.0271	 -2.4667	  0.0000
  2.9476	  1.7147	 -0.3193	 -2.5806	  0.0000
  3.0719	  1.7147	 -0.4265	 -2.5938	  0.0000
  3.1962	  1.7147	 -0.3806	 -2.4795	  0.0000
  3.3206	  1.7147	 -0.3874	 -2.4378	  0.0000
  3.4449	  1.7147	 -0.4501	 -2.4399	  0.0000
  3.5692	  1.7147	 -0.4741	 -2.4279	  0.0000
  3.6935	  1.7147	 -0.4286	 -2.4382	  0.0000
  3.8179	  1.7147	 -0.3236	 -2.4330	  0.0000
  3.9422	  1.7147	 -0.2710	 -2.5480	  0.0000
  4.0665	  1.7147	 -0.3015	 -2.5988	  0.0000
  4.1908	  1.7147	 -0.3170	 -2.6435	  0.0000
  4.3152	  1.7147	 -0.0033	 -2.7815	  0.0000
  4.4395	  1.7147	  0.0285	 -2.6994	  0.0000
  4.5638	  1.7147	  0.0112	 -2.5655	  0.0000
  4.6881	  1.7147	  0.0265	 -2.5386	  0.0000
  4.8125	  1.7147	  0.0674	 -2.5927	  0.0000
  4.9368	  1.7147	  0.0886	 -2.6017	  0.0000
  0.3367	  1.8390	 -0.3660	 -2.7205	  0.0000
  0.4610	  1.8390	 -0.2555	 -2.7150	  1.0000
  0.5854	  1.8390	 -0.0951	 -2.7845	  0.0000
  0.7097	  1.8390	  0.1757	 -2.7016	  0.0000
  0.8340	  1.8390	  0.2161	 -2.7222	  0.0000
  0.9584	  1.8390	  0.1592	 -2.7376	  0.0000
  1.0827	  1.8390	  0.2246	 -2.7375	  0.0000
  1.2070	  1.8390	  0.0002	 -2.8087	  0.0000
  1.3313	  1.8390	 -0.2472	 -2.8975	  0.0000
  1.4557	  1.8390	 -0.1748	 -2.9931	  0.0000
  1.5800	  1.8390	 -0.0098	 -3.1843	  0.0000
  1.7043	  1.8390	  0.0328	 -3.1717	  0.0000
  1.8286	  1.8390	 -0.0611	 -2.9305	  1.0000
  1.9530	  1.8390	  0.0753	 -2.6391	  0.0000
  2.0773	  1.8390	  0.1465	 -2.7646	  0.0000
  2.2016	  1.8390	  0.1020	 -2.9798	  0.0000
  2.3259	  1.8390	  0.0790	 -2.9845	  0.0000
  2.4503	  1.8390	  0.0808	 -2.8882	  1.0000
  2.5746	  1.8390	  0.3165	 -2.8244	  0.0000
  2.6989	  1.8390	  0.1718	 -2.7222	  0.0000
  2.8232	  1.8390	 -0.2770	 -2.6563	  0.0000
  2.9476	  1.8390	 -0.4776	 -2.6797	  0.0000
  3.0719	  1.8390	 -0.4890	 -2.5629	  0.0000
  3.1962	  1.8390	 -0.4701	 -2.4608	  0.0000
  3.3206	  1.8390	 -0.4507	 -2.3704	  0.0000
  3.4449	  1.8390	 -0.4230	 -2.3634	  0.0000
  3.5692	  1.8390	 -0.3523	 -2.3762	  0.0000
  3.6935	  1.8390	 -0.3558	 -2.3442	  0.0000
  3.8179	  1.8390	 -0.3724	 -2.2735	  0.0000
  3.9422	  1.8390	 -0.3221	 -2.4883	  0.0000
  4.0665	  1.8390	 -0.2973	 -2.5291	  0.0000
  4.1908	  1.8390	 -0.2821	 -2.5399	  0.0000
  4.3152	  1.8390	 -0.1182	 -2.6508	  0.0000
  4.4395	  1.8390	 -0.0431	 -2.6475	  0.0000
  4.5638	  1.8390	 -0.0078	 -2.6062	  0.0000
  4.6881	  1.8390	  0.0227	 -2.5489	  0.0000
  4.8125	  1.8390	  0.0643	 -2.4970	  0.0000
  4.9368	  1.8390	 -0.0237	 -2.5297	  0.0000
  0.3367	  1.9633	 -0.5707	 -2.5718	  0.0000
  0.4610	  1.9633	 -0.3742	 -2.7025	  0.0000
  0.5854	  1.9633	 -0.4415	 -2.6521	  0.0000
  0.7097	  1.9633	 -0.4043	 -2.6750	  0.0000
  0.8340	  1.9633	 -0.1071	 -2.5889	  0.0000
  0.9584	  1.9633	  0.0926	 -2.6653	  0.0000
  1.0827	  1.9633	  0.1041	 -2.7616	  0.0000
  1.2070	  1.9633	 -0.1162	 -2.8077	  0.0000
  1.3313	  1.9633	 -0.3709	 -3.0316	  0.0000
  1.4557	  1.9633	 -0.1819	 -3.0938	  0.0000
  1.5800	  1.9633	  0.0610	 -3.0376	  0.0000
  1.7043	  1.9633	  0.0583	 -3.0362	  0.0000
  1.8286	  1.9633	 -0.0452	 -2.8978	  0.0000
  1.9530	  1.9633	  0.0015	 -2.7791	  0.0000
  2.0773	  1.9633	  0.0421	 -2.7863	  0.0000
  2.2016	  1.9633	  0.1348	 -3.0017	  0.0000
  2.3259	  1.9633	  0.1500	 -3.0357	  0.0000
  2.4503	  1.9633	  0.0566	 -2.8853	  1.0000
  2.5746	  1.9633	 -0.0005	 -2.9172	  0.0000
  2.6989	  1.9633	  0.0103	 -2.7891	  0.0000
  2.8232	  1.9633	 -0.1806	 -2.6729	  0.0000
  2.9476	  1.9633	 -0.3685	 -2.6089	  0.0000
  3.0719	  1.9633	 -0.4281	 -2.4890	  0.0000
  3.1962	  1.9633	 -0.4044	 -2.4344	  0.0000
  3.3206	  1.9633	 -0.4121	 -2.3884	  0.0000
  3.4449	  1.9633	 -0.4327	 -2.4210	  0.0000
  3.5692	  1.9633	 -0.4104	 -2.4983	  0.0000
  3.6935	  1.9633	 -0.3757	 -2.4308	  0.0000
  3.8179	  1.9633	 -0.3662	 -2.4043	  0.0000
  3.9422	  1.9633	 -0.3651	 -2.4876	  0.0000
  4.0665	  1.9633	 -0.3067	 -2.4497	  0.0000
  4.1908	  1.9633	 -0.1093	 -2.4939	  0.0000
  4.3152	  1.9633	 -0.0821	 -2.5730	  0.0000
  4.4395	  1.9633	 -0.0550	 -2.5992	  0.0000
  4.5638	  1.9633	  0.0143	 -2.6337	  0.0000
  4.6881	  1.9633	  0.0118	 -2.6501	  0.0000
  4.8125	  1.9633	  0.0072	 -2.5686	  0.0000
  4.9368	  1.9633	 -0.0167	 -2.5406	  0.0000
  0.3367	  2.0877	 -0.3894	 -2.5210	  0.0000
  0.4610	  2.0877	 -0.4252	 -2.5851	  0.0000
  0.5854	  2.0877	 -0.5098	 -2.6948	  0.0000
  0.7097	  2.0877	 -0.4847	 -2.7038	  0.0000
  0.8340	  2.0877	 -0.3488	 -2.5642	  0.0000
  0.9584	  2.0877	 -0.3628	 -2.6232	  0.0000
  1.0827	  2.0877	 -0.4168	 -2.9025	  0.0000
  1.2070	  2.0877	 -0.4082	 -3.0174	  0.0000
  1.3313	  2.0877	 -0.3757	 -3.2006	  0.0000
  1.4557	  2.0877	 -0.1413	 -2.9835	  1.0000
  1.5800	  2.0877	  0.0578	 -2.8560	  0.0000
  1.7043	  2.0877	  0.0094	 -2.9163	  0.0000
  1.8286	  2.0877	 -0.1348	 -2.9081	  0.0000
  1.9530	  2.0877	 -0.0686	 -2.7571	  0.0000
  2.0773	  2.0877	 -0.0588	 -2.7171	  0.0000
  2.2016	  2.0877	  0.0756	 -2.9767	  0.0000
  2.3259	  2.0877	  0.0360	 -2.8606	  1.0000
  2.4503	  2.0877	 -0.1778	 -2.8805	  0.0000
  2.5746	  2.0877	 -0.1876	 -2.8906	  0.0000
  2.6989	  2.0877	 -0.1215	 -2.7289	  0.0000
  2.8232	  2.0877	 -0.0594	 -2.6033	  0.0000
  2.9476	  2.0877	 -0.0623	 -2.4866	  0.0000
  3.0719	  2.0877	 -0.1879	 -2.4012	  0.0000
  3.1962	  2.0877	 -0.2624	 -2.4341	  0.0000
  3.3206	  2.0877	 -0.3296	 -2.5933	  0.0000
  3.4449	  2.0877	 -0.3724	 -2.6714	  0.0000
  3.5692	  2.0877	 -0.3588	 -2.6796	  0.0000
  3.6935	  2.0877	 -0.3285	 -2.5920	  0.0000
  3.8179	  2.0877	 -0.4031	 -2.5890	  0.0000
  3.9422	  2.0877	 -0.4831	 -2.5892	  0.0000
  4.0665	  2.0877	 -0.4245	 -2.4689	  0.0000
  4.1908	  2.0877	 -0.1132	 -2.4752	  0.0000
  4.3152	  2.0877	 -0.0708	 -2.4993	  0.0000
  4.4395	  2.0877	 -0.0732	 -2.5387	  0.0000
  4.5638	  2.0877	 -0.0033	 -2.6196	  0.0000
  4.6881	  2.0877	  0.0318	 -2.6456	  0.0000
  4.8125	  2.0877	  0.0163	 -2.5284	  0.0000
  4.9368	  2.0877	 -0.0000	 -2.5079	  0.0000
  0.3367	  2.2120	 -0.0202	 -2.5161	  0.0000
  0.4610	  2.2120	 -0.0212	 -2.5689	  0.0000
  0.5854	  2.2120	 -0.2021	 -2.7414	  0.0000
  0.7097	  2.2120	 -0.3491	 -2.7465	  0.0000
  0.8340	  2.2120	 -0.3762	 -2.5743	  0.0000
  0.9584	  2.2120	 -0.3925	 -2.6624	  0.0000
  1.0827	  2.2120	 -0.4166	 -2.8770	  0.0000
  1.2070	  2.2120	 -0.2610	 -3.1391	  0.0000
  1.3313	  2.2120	 -0.2023	 -3.1964	  0.0000
  1.4557	  2.2120	 -0.2905	 -3.0241	  0.0000
  1.5800	  2.2120	 -0.0804	 -2.9136	  1.0000
  1.7043	  2.2120	 -0.1798	 -2.9565	  0.0000
  1.8286	  2.2120	 -0.1221	 -3.0254	  0.0000
  1.9530	  2.2120	 -0.1363	 -2.6436	  0.0000
  2.0773	  2.2120	 -0.1402	 -2.6200	  0.0000
  2.2016	  2.2120	  0.0398	 -2.7856	  1.0000
  2.3259	  2.2120	  0.0487	 -2.8839	  0.0000
  2.4503	  2.2120	 -0.0489	 -3.0612	  0.0000
  2.5746	  2.2120	 -0.0741	 -3.0209	  0.0000
  2.6989	  2.2120	 -0.0054	 -2.6680	  1.0000
  2.8232	  2.2120	 -0.0112	 -2.4409	  0.0000
  2.9476	  2.2120	  0.0230	 -2.4139	  0.0000
  3.0719	  2.2120	 -0.0298	 -2.4607	  0.0000
  3.1962	  2.2120	 -0.1039	 -2.4968	  0.0000
  3.3206	  2.2120	 -0.2270	 -2.6423	  0.0000
  3.4449	  2.2120	 -0.2902	 -2.6923	  0.0000
  3.5692	  2.2120	 -0.3803	 -2.7407	  0.0000
  3.6935	  2.2120	 -0.3913	 -2.6364	  0.0000
  3.8179	  2.2120	 -0.4360	 -2.6243	  0.0000
  3.9422	  2.2120	 -0.4594	 -2.6838	  0.0000
  4.0665	  2.2120	 -0.4593	 -2.6356	  0.0000
  4.1908	  2.2120	 -0.4039	 -2.5827	  0.0000
  4.3152	  2.2120	 -0.1648	 -2.5614	  0.0000
  4.4395	  2.2120	 -0.0894	 -2.5586	  0.0000
  4.5638	  2.2120	 -0.0658	 -2.5782	  0.0000
  4.6881	  2.2120	 -0.0840	 -2.5830	  0.0000
  4.8125	  2.2120	 -0.1017	 -2.5870	  0.0000
  4.9368	  2.2120	 -0.0566	 -2.5587	  0.0000
  0.3367	  2.3363	  0.0346	 -2.4643	  0.0000
  0.4610	  2.3363	  0.0267	 -2.6023	  0.0000
  0.5854	  2.3363	  0.0776	 -2.8056	  0.0000
  0.7097	  2.3363	 -0.0877	 -2.8100	  0.0000
  0.8340	  2.3363	 -0.3042	 -2.6914	  0.0000
  0.9584	  2.3363	 -0.4324	 -2.6714	  0.0000
  1.0827	  2.3363	 -0.2129	 -2.8531	  1.0000
  1.2070	  2.3363	 -0.1005	 -3.1963	  0.0000
  1.3313	  2.3363	 -0.1556	 -3.2212	  0.0000
  1.4557	  2.3363	 -0.2497	 -2.6382	  0.0000
  1.5800	  2.3363	 -0.2456	 -2.5001	  0.0000
  1.7043	  2.3363	  0.0523	 -2.7538	  1.0000
  1.8286	  2.3363	 -0.0288	 -3.0196	  0.0000
  1.9530	  2.3363	 -0.1068	 -2.6516	  0.0000
  2.0773	  2.3363	 -0.1331	 -2.6028	  0.0000
  2.2016	  2.3363	 -0.0507	 -2.6216	  0.0000
  2.3259	  2.3363	  0.3300	 -2.5726	  0.0000
  2.4503	  2.3363	  0.0998	 -2.9439	  0.0000
  2.5746	  2.3363	  0.0307	 -2.9998	  0.0000
  2.6989	  2.3363	 -0.0072	 -2.5889	  1.0000
  2.8232	  2.3363	  0.2245	 -2.2926	  0.0000
  2.9476	  2.3363	  0.2249	 -2.2669	  0.0000
  3.0719	  2.3363	  0.2171	 -2.4065	  0.0000
  3.1962	  2.3363	  0.1182	 -2.4916	  0.0000
  3.3206	  2.3363	 -0.0342	 -2.5907	  0.0000
  3.4449	  2.3363	 -0.0980	 -2.6352	  0.0000
  3.5692	  2.3363	 -0.2203	 -2.6495	  1.0000
  3.6935	  2.3363	 -0.2501	 -2.6671	  0.0000
  3.8179	  2.3363	 -0.2553	 -2.6982	  0.0000
  3.9422	  2.3363	 -0.3176	 -2.6610	  0.0000
  4.0665	  2.3363	 -0.3775	 -2.6362	  0.0000
  4.1908	  2.3363	 -0.3679	 -2.6132	  0.0000
  4.3152	  2.3363	 -0.2213	 -2.6341	  0.0000
  4.4395	  2.3363	 -0.1613	 -2.6643	  0.0000
  4.5638	  2.3363	 -0.1914	 -2.7181	  0.0000
  4.6881	  2.3363	 -0.2170	 -2.7041	  0.0000
  4.8125	  2.3363	 -0.2362	 -2.7702	  0.0000
  4.9368	  2.3363	 -0.1181	 -2.5299	  0.0000
  0.3367	  2.4606	  0.0666	 -2.5949	  0.0000
  0.4610	  2.4606	 -0.0855	 -2.6493	  0.0000
  0.5854	  2.4606	 -0.0224	 -2.7355	  0.0000
  0.7097	  2.4606	 -0.1124	 -2.9764	  0.0000
  0.8340	  2.4606	 -0.4374	 -2.9236	  0.0000
  0.9584	  2.4606	 -0.4335	 -2.7360	  0.0000
  1.0827	  2.4606	 -0.0549	 -2.8054	  1.0000
  1.2070	  2.4606	  0.0244	 -2.7659	  1.0000
  1.3313	  2.4606	 -0.2508	 -2.9473	  0.0000
  1.4557	  2.4606	  0.1158	 -2.7226	  1.0000
  1.5800	  2.4606	  0.1511	 -2.3909	  0.0000
  1.7043	  2.4606	  0.3266	 -2.6389	  0.0000
  1.8286	  2.4606	  0.2096	 -2.9290	  0.0000
  1.9530	  2.4606	  0.3529	 -2.9236	  0.0000
  2.0773	  2.4606	  0.1008	 -2.7410	  0.0000
  2.2016	  2.4606	  0.0270	 -2.5732	  0.0000
  2.3259	  2.4606	  0.2935	 -2.5317	  0.0000
  2.4503	  2.4606	  0.1262	 -2.7945	  0.0000
  2.5746	  2.4606	 -0.0015	 -2.8273	  0.0000
  2.6989	  2.4606	  0.0208	 -2.5114	  0.0000
  2.8232	  2.4606	  0.1533	 -2.2056	  0.0000
  2.9476	  2.4606	  0.2005	 -2.1929	  0.0000
  3.0719	  2.4606	  0.2614	 -2.2059	  0.0000
  3.1962	  2.4606	  0.0083	 -2.5017	  0.0000
  3.3206	  2.4606	  0.0311	 -2.5537	  0.0000
  3.4449	  2.4606	  0.0350	 -2.6892	  0.0000
  3.5692	  2.4606	  0.0173	 -2.7226	  0.0000
  3.6935	  2.4606	 -0.1026	 -2.6156	  0.0000
  3.8179	  2.4606	 -0.1415	 -2.6204	  0.0000
  3.9422	  2.4606	 -0.1818	 -2.5851	  0.0000
  4.0665	  2.4606	 -0.1790	 -2.5837	  0.0000
  4.1908	  2.4606	 -0.1974	 -2.6501	  0.0000
  4.3152	  2.4606	 -0.1696	 -2.6574	  0.0000
  4.4395	  2.4606	 -0.1562	 -2.7385	  0.0000
  4.5638	  2.4606	 -0.1544	 -2.7716	  0.0000
  4.6881	  2.4606	 -0.0632	 -2.7023	  0.0000
  4.8125	  2.4606	 -0.0858	 -2.7473	  0.0000
  4.9368	  2.4606	 -0.1376	 -2.3174	  0.0000
  0.3367	  2.5850	  0.3560	 -2.7574	  0.0000
  0.4610	  2.5850	 -0.1092	 -2.7599	  0.0000
  0.5854	  2.5850	 -0.0954	 -2.7481	  0.0000
  0.7097	  2.5850	 -0.0952	 -2.9777	  0.0000
  0.8340	  2.5850	 -0.2532	 -2.9941	  0.0000
  0.9584	  2.5850	  0.0430	 -2.8010	  0.0000
  1.0827	  2.5850	  0.1278	 -2.7139	  0.0000
  1.2070	  2.5850	  0.2547	 -2.6751	  0.0000
  1.3313	  2.5850	  0.4290	 -2.5718	  0.0000
  1.4557	  2.5850	  0.5747	 -2.3386	  0.0000
  1.5800	  2.5850	  0.4220	 -2.3706	  0.0000
  1.7043	  2.5850	  0.3704	 -2.5539	  0.0000
  1.8286	  2.5850	  0.3592	 -2.7451	  0.0000
  1.9530	  2.5850	  0.0873	 -2.6867	  1.0000
  2.0773	  2.5850	  0.2455	 -2.7189	  0.0000
  2.2016	  2.5850	  0.0936	 -2.5060	  0.0000
  2.3259	  2.5850	  0.0342	 -2.5265	  0.0000
  2.4503	  2.5850	 -0.0370	 -2.7548	  0.0000
  2.5746	  2.5850	 -0.0701	 -2.6718	  0.0000
  2.6989	  2.5850	 -0.1152	 -2.2090	  0.0000
  2.8232	  2.5850	 -0.1875	 -2.1300	  0.0000
  2.9476	  2.5850	 -0.1145	 -2.1479	  0.0000
  3.0719	  2.5850	 -0.3163	 -2.3204	  0.0000
  3.1962	  2.5850	 -0.3982	 -2.4080	  0.0000
  3.3206	  2.5850	 -0.1272	 -2.5683	  0.0000
  3.4449	  2.5850	  0.0098	 -2.7548	  0.0000
  3.5692	  2.5850	 -0.0773	 -2.8071	  0.0000
  3.6935	  2.5850	 -0.4206	 -2.6150	  0.0000
  3.8179	  2.5850	 -0.3572	 -2.5881	  0.0000
  3.9422	  2.5850	 -0.2429	 -2.6298	  1.0000
  4.0665	  2.5850	 -0.2091	 -2.6323	  1.0000
  4.1908	  2.5850	 -0.0298	 -2.6380	  0.0000
  4.3152	  2.5850	 -0.0532	 -2.6469	  0.0000
  4.4395	  2.5850	 -0.0317	 -2.6573	  0.0000
  4.5638	  2.5850	  0.0132	 -2.6519	  0.0000
  4.6881	  2.5850	  0.0132	 -2.6559	  0.0000
  4.8125	  2.5850	 -0.0480	 -2.7163	  0.0000
  4.9368	  2.5850	 -0.0221	 -2.5448	  0.0000
  0.3367	  2.7093	  0.5275	 -2.7757	  0.0000
  0.4610	  2.7093	  0.1272	 -2.9576	  0.0000
  0.5854	  2.7093	  0.2843	 -2.7816	  0.0000
  0.7097	  2.7093	  0.2957	 -2.8052	  0.0000
  0.8340	  2.7093	  0.0869	 -2.9291	  0.0000
  0.9584	  2.7093	  0.4728	 -2.5644	  0.0000
  1.0827	  2.7093	  0.4461	 -2.4942	  0.0000
  1.2070	  2.7093	  0.4627	 -2.5633	  0.0000
  1.3313	  2.7093	  0.5671	 -2.5662	  0.0000
  1.4557	  2.7093	  0.5322	 -2.4130	  0.0000
  1.5800	  2.7093	  0.4133	 -2.4236	  0.0000
  1.7043	  2.7093	  0.1900	 -2.6012	  0.0000
  1.8286	  2.7093	  0.1374	 -2.6543	  0.0000
  1.9530	  2.7093	  0.0573	 -2.7032	  0.0000
  2.0773	  2.7093	  0.0987	 -2.6378	  0.0000
  2.2016	  2.7093	  0.0278	 -2.6358	  0.0000
  2.3259	  2.7093	 -0.0850	 -2.8225	  0.0000
  2.4503	  2.7093	 -0.1513	 -2.6890	  0.0000
  2.5746	  2.7093	 -0.2861	 -2.5988	  0.0000
  2.6989	  2.7093	 -0.4354	 -2.4220	  0.0000
  2.8232	  2.7093	 -0.2474	 -2.2283	  0.0000
  2.9476	  2.7093	 -0.2020	 -2.3045	  0.0000
  3.0719	  2.7093	 -0.3987	 -2.3716	  0.0000
  3.1962	  2.7093	 -0.3626	 -2.2731	  0.0000
  3.3206	  2.7093	 -0.3219	 -2.3966	  0.0000
  3.4449	  2.7093	 -0.1766	 -2.5600	  1.0000
  3.5692	  2.7093	 -0.1816	 -2.5894	  1.0000
  3.6935	  2.7093	 -0.4749	 -2.6289	  0.0000
  3.8179	  2.7093	 -0.3883	 -2.6700	  0.0000
  3.9422	  2.7093	 -0.1954	 -2.6299	  0.0000
  4.0665	  2.7093	 -0.2436	 -2.7078	  0.0000
  4.1908	  2.7093	 -0.0982	 -2.6961	  0.0000
  4.3152	  2.7093	 -0.0186	 -2.6038	  0.0000
  4.4395	  2.7093	  0.0653	 -2.5453	  0.0000
  4.5638	  2.7093	  0.0961	 -2.5280	  0.0000
  4.6881	  2.7093	 -0.0011	 -2.5849	  0.0000
  4.8125	  2.7093	 -0.0792	 -2.6226	  0.0000
  4.9368	  2.7093	 -0.0462	 -2.5220	  0.0000
  0.3367	  2.8336	  0.3987	 -2.6993	  0.0000
  0.4610	  2.8336	  0.3423	 -2.7976	  0.0000
  0.5854	  2.8336	  0.3744	 -2.8120	  0.0000
  0.7097	  2.8336	  0.3219	 -2.7707	  0.0000
  0.8340	  2.8336	  0.4160	 -2.6720	  0.0000
  0.9584	  2.8336	  0.5047	 -2.4250	  0.0000
  1.0827	  2.8336	  0.4285	 -2.3556	  0.0000
  1.2070	  2.8336	  0.2804	 -2.3526	  0.0000
  1.3313	  2.8336	  0.3933	 -2.3080	  0.0000
  1.4557	  2.8336	  0.3946	 -2.4310	  0.0000
  1.5800	  2.8336	  0.3616	 -2.4837	  0.0000
  1.7043	  2.8336	  0.1513	 -2.6266	  0.0000
  1.8286	  2.8336	  0.0228	 -2.6781	  0.0000
  1.9530	  2.8336	 -0.0281	 -2.7263	  0.0000
  2.0773	  2.8336	 -0.1523	 -2.6321	  0.0000
  2.2016	  2.8336	 -0.2400	 -2.6233	  0.0000
  2.3259	  2.8336	 -0.1796	 -2.8158	  0.0000
  2.4503	  2.8336	 -0.2646	 -2.6603	  0.0000
  2.5746	  2.8336	 -0.3627	 -2.5382	  0.0000
  2.6989	  2.8336	 -0.3261	 -2.5196	  0.0000
  2.8232	  2.8336	 -0.2600	 -2.4582	  0.0000
  2.9476	  2.8336	 -0.2532	 -2.3803	  0.0000
  3.0719	  2.8336	 -0.2565	 -2.4687	  0.0000
  3.1962	  2.8336	 -0.2235	 -2.3637	  0.0000
  3.3206	  2.8336	 -0.3096	 -2.4388	  0.0000
  3.4449	  2.8336	 -0.3265	 -2.5977	  0.0000
  3.5692	  2.8336	 -0.1393	 -2.6178	  0.0000
  3.6935	  2.8336	 -0.1322	 -2.4715	  0.0000
  3.8179	  2.8336	 -0.2166	 -2.5054	  0.0000
  3.9422	  2.8336	 -0.1811	 -2.6421	  0.0000
  4.0665	  2.8336	 -0.2681	 -2.6574	  0.0000
  4.1908	  2.8336	 -0.2429	 -2.7027	  0.0000
  4.3152	  2.8336	 -0.0745	 -2.5187	  0.0000
  4.4395	  2.8336	 -0.0209	 -2.5270	  0.0000
  4.5638	  2.8336	 -0.0486	 -2.5286	  0.0000
  4.6881	  2.8336	 -0.1098	 -2.5252	  0.0000
  4.8125	  2.8336	 -0.0901	 -2.5520	  0.0000
  4.9368	  2.8336	 -0.0331	 -2.4837	  0.0000
  0.3367	  2.9579	  0.4552	 -2.7456	  0.0000
  0.4610	  2.9579	  0.3795	 -2.7549	  0.0000
  0.5854	  2.9579	  0.3564	 -2.8053	  0.0000
  0.7097	  2.9579	  0.2434	 -2.8010	  0.0000
  0.8340	  2.9579	  0.3295	 -2.5640	  0.0000
  0.9584	  2.9579	  0.4211	 -2.3530	  0.0000
  1.0827	  2.9579	  0.2834	 -2.3439	  0.0000
  1.2070	  2.9579	  0.1319	 -2.4469	  0.0000
  1.3313	  2.9579	  0.0484	 -2.4151	  0.0000
  1.4557	  2.9579	  0.2045	 -2.4350	  0.0000
  1.5800	  2.9579	  0.3274	 -2.5194	  0.0000
  1.7043	  2.9579	  0.2486	 -2.6160	  0.0000
  1.8286	  2.9579	  0.0604	 -2.6645	  0.0000
  1.9530	  2.9579	  0.0917	 -2.8501	  0.0000
  2.0773	  2.9579	 -0.0901	 -2.6744	  0.0000
  2.2016	  2.9579	 -0.1061	 -2.4802	  0.0000
  2.3259	  2.9579	  0.0096	 -2.5495	  0.0000
  2.4503	  2.9579	 -0.0861	 -2.7163	  0.0000
  2.5746	  2.9579	 -0.2866	 -2.6128	  0.0000
  2.6989	  2.9579	 -0.2421	 -2.5431	  0.0000
  2.8232	  2.9579	 -0.2326	 -2.5090	  0.0000
  2.9476	  2.9579	 -0.2244	 -2.4782	  0.0000
  3.0719	  2.9579	 -0.1448	 -2.5974	  0.0000
  3.1962	  2.9579	 -0.1991	 -2.5790	  0.0000
  3.3206	  2.9579	 -0.1805	 -2.4731	  0.0000
  3.4449	  2.9579	 -0.1937	 -2.5968	  0.0000
  3.5692	  2.9579	 -0.1274	 -2.6502	  0.0000
  3.6935	  2.9579	 -0.0416	 -2.5285	  0.0000
  3.8179	  2.9579	 -0.1951	 -2.4765	  0.0000
  3.9422	  2.9579	 -0.1598	 -2.5763	  0.0000
  4.0665	  2.9579	 -0.1312	 -2.5648	  0.0000
  4.1908	  2.9579	 -0.0735	 -2.5169	  0.0000
  4.3152	  2.9579	 -0.0691	 -2.5104	  0.0000
  4.4395	  2.9579	 -0.1187	 -2.5441	  0.0000
  4.5638	  2.9579	 -0.1683	 -2.5138	  0.0000
  4.6881	  2.9579	 -0.1318	 -2.4921	  0.0000
  4.8125	  2.9579	 -0.0456	 -2.5044	  0.0000
  4.9368	  2.9579	 -0.0219	 -2.4197	  0.0000
  0.3367	  3.0823	  0.7098	 -2.8236	  0.0000
  0.4610	  3.0823	  0.3910	 -2.7685	  0.0000
  0.5854	  3.0823	  0.3893	 -2.7649	  0.0000
  0.7097	  3.0823	  0.4130	 -2.6238	  1.0000
  0.8340	  3.0823	  0.2658	 -2.5134	  0.0000
  0.9584	  3.0823	  0.3981	 -2.4206	  0.0000
  1.0827	  3.0823	  0.3299	 -2.4210	  0.0000
  1.2070	  3.0823	  0.1024	 -2.5362	  0.0000
  1.3313	  3.0823	 -0.0163	 -2.5295	  0.0000
  1.4557	  3.0823	 -0.1254	 -2.4360	  0.0000
  1.5800	  3.0823	  0.1452	 -2.4606	  0.0000
  1.7043	  3.0823	  0.1488	 -2.4502	  0.0000
  1.8286	  3.0823	  0.0573	 -2.4090	  0.0000
  1.9530	  3.0823	  0.0524	 -2.5898	  0.0000
  2.0773	  3.0823	  0.1485	 -2.6014	  0.0000
  2.2016	  3.0823	  0.0921	 -2.2880	  0.0000
  2.3259	  3.0823	  0.0631	 -2.4171	  0.0000
  2.4503	  3.0823	  0.0665	 -2.7438	  0.0000
  2.5746	  3.0823	 -0.2129	 -2.6850	  0.0000
  2.6989	  3.0823	  0.0153	 -2.5664	  0.0000
  2.8232	  3.0823	 -0.0121	 -2.6283	  0.0000
  2.9476	  3.0823	 -0.0836	 -2.6753	  0.0000
  3.0719	  3.0823	 -0.0687	 -2.5792	  0.0000
  3.1962	  3.0823	 -0.1678	 -2.5424	  0.0000
  3.3206	  3.0823	 -0.1485	 -2.4657	  0.0000
  3.4449	  3.0823	 -0.1859	 -2.4955	  0.0000
  3.5692	  3.0823	 -0.2369	 -2.6116	  0.0000
  3.6935	  3.0823	 -0.2511	 -2.7451	  0.0000
  3.8179	  3.0823	 -0.2753	 -2.6929	  0.0000
  3.9422	  3.0823	 -0.2326	 -2.5838	  0.0000
  4.0665	  3.0823	 -0.1900	 -2.5624	  0.0000
  4.1908	  3.0823	 -0.1475	 -2.5369	  0.0000
  4.3152	  3.0823	 -0.1238	 -2.5268	  0.0000
  4.4395	  3.0823	 -0.1432	 -2.4991	  0.0000
  4.5638	  3.0823	 -0.0594	 -2.3738	  0.0000
  4.6881	  3.0823	  0.0470	 -2.3469	  0.0000
  4.8125	  3.0823	  0.0903	 -2.3974	  0.0000
  4.9368	  3.0823	  0.1357	 -2.3914	  0.0000
  0.3367	  3.2066	  0.4804	 -2.8984	  0.0000
  0.4610	  3.2066	  0.4257	 -2.7329	  0.0000
  0.5854	  3.2066	  0.5468	 -2.5980	  0.0000
  0.7097	  3.2066	  0.5228	 -2.3694	  0.0000
  0.8340	  3.2066	  0.4887	 -2.5423	  0.0000
  0.9584	  3.2066	  0.5112	 -2.5997	  0.0000
  1.0827	  3.2066	  0.1211	 -2.6952	  0.0000
  1.2070	  3.2066	 -0.0123	 -2.6685	  0.0000
  1.3313	  3.2066	 -0.0922	 -2.5938	  0.0000
  1.4557	  3.2066	 -0.0845	 -2.4923	  0.0000
  1.5800	  3.2066	  0.0666	 -2.4389	  0.0000
  1.7043	  3.2066	  0.0331	 -2.3823	  0.0000
  1.8286	  3.2066	  0.0853	 -2.3209	  0.0000
  1.9530	  3.2066	  0.0433	 -2.4592	  0.0000
  2.0773	  3.2066	  0.0885	 -2.4978	  0.0000
  2.2016	  3.2066	  0.0479	 -2.1760	  0.0000
  2.3259	  3.2066	  0.0569	 -2.4897	  1.0000
  2.4503	  3.2066	  0.0524	 -2.6716	  0.0000
  2.5746	  3.2066	  0.0106	 -2.5733	  0.0000
  2.6989	  3.2066	  0.2219	 -2.4696	  0.0000
  2.8232	  3.2066	  0.1231	 -2.5674	  0.0000
  2.9476	  3.2066	  0.0415	 -2.6367	  0.0000
  3.0719	  3.2066	 -0.1388	 -2.4497	  0.0000
  3.1962	  3.2066	 -0.2287	 -2.4321	  0.0000
  3.3206	  3.2066	 -0.1788	 -2.4591	  0.0000
  3.4449	  3.2066	 -0.1748	 -2.4932	  0.0000
  3.5692	  3.2066	 -0.2491	 -2.6123	  0.0000
  3.6935	  3.2066	 -0.3013	 -2.7519	  0.0000
  3.8179	  3.2066	 -0.3200	 -2.6972	  0.0000
  3.9422	  3.2066	 -0.3241	 -2.5981	  0.0000
  4.0665	  3.2066	 -0.2998	 -2.5829	  0.0000
  4.1908	  3.2066	 -0.3157	 -2.6751	  0.0000
  4.3152	  3.2066	 -0.2603	 -2.5960	  0.0000
  4.4395	  3.2066	 -0.1053	 -2.3832	  0.0000
  4.5638	  3.2066	  0.0358	 -2.3935	  0.0000
  4.6881	  3.2066	  0.1376	 -2.4218	  0.0000
  4.8125	  3.2066	  0.1579	 -2.4684	  0.0000
  4.9368	  3.2066	  0.3171	 -2.5289	  0.0000
  0.3367	  3.3309	  0.4058	 -2.9512	  0.0000
  0.4610	  3.3309	  0.3723	 -2.6608	  1.0000
  0.5854	  3.3309	  0.4052	 -2.4099	  0.0000
  0.7097	  3.3309	  0.4130	 -2.3871	  0.0000
  0.8340	  3.3309	  0.5276	 -2.6701	  0.0000
  0.9584	  3.3309	  0.5673	 -2.7773	  0.0000
  1.0827	  3.3309	  0.1397	 -2.6517	  0.0000
  1.2070	  3.3309	  0.0600	 -2.6552	  0.0000
  1.3313	  3.3309	 -0.1177	 -2.6126	  0.0000
  1.4557	  3.3309	 -0.0576	 -2.5368	  0.0000
  1.5800	  3.3309	 -0.0290	 -2.5022	  0.0000
  1.7043	  3.3309	 -0.0891	 -2.3474	  0.0000
  1.8286	  3.3309	  0.1095	 -2.2429	  0.0000
  1.9530	  3.3309	  0.1490	 -2.2811	  0.0000
  2.0773	  3.3309	  0.2633	 -2.3949	  0.0000
  2.2016	  3.3309	  0.2676	 -2.3993	  0.0000
  2.3259	  3.3309	  0.1200	 -2.4095	  0.0000
  2.4503	  3.3309	 -0.0854	 -2.4999	  0.0000
  2.5746	  3.3309	  0.0249	 -2.3633	  0.0000
  2.6989	  3.3309	  0.1909	 -2.4283	  0.0000
  2.8232	  3.3309	  0.1840	 -2.4788	  0.0000
  2.9476	  3.3309	  0.0707	 -2.5385	  0.0000
  3.0719	  3.3309	 -0.1966	 -2.4566	  0.0000
  3.1962	  3.3309	 -0.2968	 -2.5067	  0.0000
  3.3206	  3.3309	 -0.3093	 -2.4903	  0.0000
  3.4449	  3.3309	 -0.1626	 -2.5209	  0.0000
  3.5692	  3.3309	 -0.2299	 -2.6360	  0.0000
  3.6935	  3.3309	 -0.2638	 -2.7082	  0.0000
  3.8179	  3.3309	 -0.2084	 -2.6463	  0.0000
  3.9422	  3.3309	 -0.2291	 -2.7455	  0.0000
  4.0665	  3.3309	 -0.2328	 -2.7590	  0.0000
  4.1908	  3.3309	 -0.2055	 -2.6629	  0.0000
  4.3152	  3.3309	 -0.1757	 -2.6233	  0.0000
  4.4395	  3.3309	 -0.1007	 -2.5312	  0.0000
  4.5638	  3.3309	 -0.0259	 -2.5220	  0.0000
  4.6881	  3.3309	  0.1093	 -2.5958	  0.0000
  4.8125	  3.3309	  0.1568	 -2.6473	  0.0000
  4.9368	  3.3309	  0.2988	 -2.7268	  0.0000
  0.3367	  3.4552	  0.3888	 -2.9165	  0.0000
  0.4610	  3.4552	  0.1547	 -2.6902	  0.0000
  0.5854	  3.4552	 -0.1328	 -2.4936	  0.0000
  0.7097	  3.4552	  0.0722	 -2.4824	  0.0000
  0.8340	  3.4552	  0.4593	 -2.7591	  0.0000
  0.9584	  3.4552	  0.2776	 -2.9358	  0.0000
  1.0827	  3.4552	  0.1795	 -2.6103	  0.0000
  1.2070	  3.4552	  0.1317	 -2.5550	  0.0000
  1.3313	  3.4552	 -0.0045	 -2.7338	  0.0000
  1.4557	  3.4552	 -0.0103	 -2.6841	  0.0000
  1.5800	  3.4552	 -0.0115	 -2.5457	  0.0000
  1.7043	  3.4552	 -0.0172	 -2.4034	  0.0000
  1.8286	  3.4552	  0.1184	 -2.1921	  0.0000
  1.9530	  3.4552	  0.2467	 -2.2410	  0.0000
  2.0773	  3.4552	  0.3500	 -2.4326	  0.0000
  2.2016	  3.4552	  0.3388	 -2.4630	  0.0000
  2.3259	  3.4552	  0.2430	 -2.4544	  0.0000
  2.4503	  3.4552	 -0.0431	 -2.3542	  0.0000
  2.5746	  3.4552	  0.0893	 -2.2956	  0.0000
  2.6989	  3.4552	 -0.0217	 -2.4960	  0.0000
  2.8232	  3.4552	 -0.0237	 -2.5751	  0.0000
  2.9476	  3.4552	 -0.1231	 -2.4995	  0.0000
  3.0719	  3.4552	 -0.1895	 -2.4867	  0.0000
  3.1962	  3.4552	 -0.1652	 -2.5151	  1.0000
  3.3206	  3.4552	 -0.3129	 -2.6283	  0.0000
  3.4449	  3.4552	 -0.1125	 -2.6125	  0.0000
  3.5692	  3.4552	 -0.2127	 -2.6219	  0.0000
  3.6935	  3.4552	 -0.2318	 -2.6098	  0.0000
  3.8179	  3.4552	 -0.1475	 -2.5848	  0.0000
  3.9422	  3.4552	 -0.1440	 -2.7998	  0.0000
  4.0665	  3.4552	 -0.1700	 -2.8447	  0.0000
  4.1908	  3.4552	 -0.1131	 -2.7784	  0.0000
  4.3152	  3.4552	 -0.0917	 -2.7718	  0.0000
  4.4395	  3.4552	 -0.0692	 -2.7324	  0.0000
  4.5638	  3.4552	 -0.0532	 -2.6681	  0.0000
  4.6881	  3.4552	  0.0241	 -2.6810	  0.0000
  4.8125	  3.4552	  0.1340	 -2.7123	  0.0000
  4.9368	  3.4552	  0.2333	 -2.6894	  0.0000
