0.501 0.499 0.500 0.499 0.500 0.500 0.500 0.500 0.500 0.500 0.500 0.500 0.500 0.500 0.500 0.500 0.500 0.500 0.500 0.500 0.500 0.500 0.500 0.500 0.500 0.500 0.500 0.500 0.500 0.500 0.500 0.500 0.500 0.500 0.500 0.500 0.500 0.500 0.500 0.500 0.500 0.500 0.500 0.500 0.500 0.500 0.500 0.500 0.500 0.500 0.500 0.500 0.500 0.500 0.500 0.500 0.500 0.500 0.500 0.500 0.500 0.500 0.500 0.500 0.500 0.500 0.500 0.500 0.500 0.500 0.500 0.500 0.500 0.500 0.500 0.500 0.500 0.500 0.500 0.500 0.500 0.500 0.500 0.500 0.500 0.500 0.500 0.500 0.500 0.500 0.500 0.500 0.500 0.500 0.500 0.500 0.500 0.500 0.500 0.500
0.495 0.497 0.501 0.499 0.500 0.499 0.501 0.500 0.501 0.500 0.500 0.500 0.500 0.500 0.500 0.500 0.500 0.500 0.500 0.500 0.500 0.500 0.500 0.500 0.500 0.500 0.500 0.500 0.500 0.500 0.500 0.500 0.500 0.500 0.500 0.500 0.500 0.500 0.500 0.500 0.500 0.500 0.500 0.500 0.500 0.500 0.500 0.500 0.500 0.500 0.500 0.500 0.500 0.500 0.500 0.500 0.500 0.500 0.500 0.500 0.500 0.500 0.500 0.500 0.500 0.500 0.500 0.500 0.500 0.500 0.500 0.500 0.500 0.500 0.500 0.500 0.500 0.500 0.500 0.500 0.500 0.500 0.500 0.500 0.500 0.500 0.500 0.500 0.500 0.500 0.500 0.500 0.500 0.500 0.500 0.500 0.500 0.500 0.500 0.500
0.478 0.489 0.496 0.503 0.501 0.499 0.500 0.502 0.500 0.500 0.500 0.500 0.500 0.500 0.500 0.500 0.499 0.500 0.500 0.499 0.500 0.500 0.500 0.500 0.500 0.500 0.500 0.500 0.500 0.500 0.500 0.500 0.500 0.500 0.500 0.500 0.500 0.500 0.500 0.500 0.501 0.500 0.500 0.500 0.500 0.500 0.500 0.500 0.500 0.500 0.500 0.500 0.500 0.500 0.500 0.500 0.500 0.500 0.500 0.500 0.500 0.500 0.500 0.500 0.500 0.500 0.500 0.500 0.500 0.500 0.500 0.500 0.500 0.500 0.500 0.500 0.500 0.500 0.500 0.500 0.500 0.500 0.500 0.500 0.500 0.500 0.500 0.500 0.500 0.500 0.500 0.500 0.500 0.500 0.500 0.500 0.500 0.500 0.500 0.500
0.488 0.490 0.499 0.497 0.496 0.500 0.498 0.500 0.499 0.499 0.499 0.500 0.500 0.500 0.500 0.500 0.499 0.500 0.500 0.501 0.500 0.500 0.500 0.500 0.500 0.500 0.500 0.500 0.499 0.500 0.500 0.500 0.500 0.500 0.500 0.500 0.500 0.500 0.500 0.500 0.500 0.500 0.500 0.500 0.500 0.500 0.500 0.500 0.500 0.500 0.500 0.500 0.500 0.500 0.500 0.500 0.500 0.500 0.500 0.500 0.500 0.500 0.500 0.500 0.500 0.500 0.500 0.500 0.500 0.500 0.500 0.500 0.500 0.500 0.500 0.500 0.500 0.500 0.500 0.500 0.500 0.500 0.500 0.500 0.500 0.500 0.500 0.500 0.500 0.500 0.500 0.500 0.500 0.500 0.500 0.500 0.500 0.500 0.500 0.500
0.464 0.498 0.506 0.496 0.499 0.498 0.499 0.501 0.500 0.500 0.499 0.499 0.499 0.499 0.498 0.500 0.499 0.500 0.499 0.499 0.500 0.499 0.501 0.500 0.499 0.499 0.500 0.500 0.500 0.500 0.499 0.500 0.500 0.500 0.499 0.500 0.500 0.500 0.500 0.500 0.500 0.500 0.500 0.500 0.500 0.500 0.500 0.500 0.500 0.501 0.500 0.500 0.500 0.500 0.500 0.500 0.500 0.500 0.500 0.500 0.500 0.500 0.500 0.500 0.500 0.500 0.500 0.500 0.500 0.500 0.500 0.500 0.500 0.500 0.500 0.500 0.500 0.500 0.500 0.500 0.500 0.500 0.500 0.500 0.500 0.500 0.500 0.500 0.500 0.500 0.500 0.500 0.500 0.500 0.500 0.500 0.500 0.500 0.500 0.500
0.437 0.489 0.506 0.497 0.499 0.501 0.499 0.498 0.499 0.501 0.500 0.500 0.499 0.497 0.498 0.499 0.501 0.499 0.500 0.499 0.499 0.499 0.500 0.500 0.501 0.500 0.500 0.500 0.500 0.501 0.499 0.500 0.500 0.500 0.500 0.500 0.500 0.500 0.500 0.500 0.500 0.500 0.500 0.500 0.500 0.500 0.500 0.500 0.500 0.500 0.500 0.500 0.500 0.500 0.500 0.500 0.500 0.500 0.500 0.500 0.500 0.500 0.500 0.500 0.500 0.500 0.500 0.500 0.500 0.500 0.500 0.500 0.500 0.500 0.500 0.500 0.500 0.500 0.500 0.500 0.500 0.500 0.500 0.500 0.500 0.500 0.500 0.500 0.500 0.500 0.500 0.500 0.500 0.500 0.500 0.500 0.500 0.500 0.500 0.500
0.437 0.479 0.494 0.487 0.501 0.497 0.503 0.497 0.497 0.500 0.502 0.499 0.500 0.499 0.500 0.500 0.499 0.499 0.500 0.501 0.500 0.500 0.501 0.500 0.500 0.501 0.498 0.500 0.498 0.499 0.499 0.501 0.500 0.500 0.499 0.500 0.500 0.500 0.499 0.501 0.500 0.501 0.500 0.500 0.500 0.500 0.501 0.500 0.500 0.500 0.500 0.500 0.500 0.500 0.500 0.500 0.500 0.500 0.500 0.500 0.500 0.500 0.500 0.500 0.500 0.500 0.500 0.500 0.500 0.500 0.500 0.500 0.500 0.500 0.500 0.500 0.500 0.500 0.500 0.500 0.500 0.500 0.500 0.500 0.500 0.500 0.500 0.500 0.500 0.500 0.500 0.500 0.500 0.500 0.500 0.500 0.500 0.500 0.500 0.500
0.421 0.489 0.493 0.493 0.501 0.498 0.501 0.502 0.497 0.498 0.499 0.500 0.500 0.499 0.499 0.499 0.500 0.499 0.499 0.498 0.498 0.500 0.500 0.500 0.499 0.500 0.500 0.499 0.500 0.501 0.500 0.500 0.501 0.499 0.500 0.499 0.500 0.500 0.500 0.501 0.500 0.500 0.501 0.501 0.500 0.500 0.500 0.500 0.500 0.500 0.500 0.500 0.500 0.499 0.500 0.500 0.500 0.500 0.500 0.500 0.500 0.500 0.500 0.500 0.500 0.499 0.500 0.500 0.500 0.500 0.500 0.500 0.500 0.500 0.500 0.500 0.500 0.500 0.500 0.500 0.500 0.500 0.500 0.500 0.500 0.500 0.500 0.500 0.500 0.500 0.500 0.500 0.500 0.500 0.500 0.500 0.500 0.500 0.500 0.500
0.407 0.466 0.484 0.489 0.493 0.501 0.503 0.496 0.497 0.494 0.501 0.502 0.500 0.504 0.500 0.501 0.497 0.499 0.498 0.499 0.501 0.500 0.499 0.499 0.500 0.499 0.500 0.501 0.501 0.499 0.500 0.501 0.500 0.501 0.501 0.500 0.500 0.499 0.499 0.500 0.500 0.500 0.499 0.500 0.501 0.501 0.499 0.500 0.500 0.500 0.500 0.500 0.499 0.500 0.500 0.500 0.500 0.500 0.500 0.500 0.500 0.500 0.500 0.500 0.500 0.500 0.500 0.500 0.500 0.500 0.500 0.500 0.500 0.500 0.500 0.500 0.500 0.500 0.500 0.500 0.501 0.500 0.500 0.500 0.500 0.500 0.500 0.500 0.500 0.500 0.500 0.500 0.500 0.500 0.500 0.500 0.500 0.500 0.500 0.500
0.396 0.490 0.489 0.481 0.501 0.496 0.502 0.502 0.497 0.497 0.496 0.496 0.500 0.496 0.499 0.501 0.500 0.498 0.499 0.500 0.498 0.503 0.501 0.500 0.499 0.500 0.499 0.501 0.499 0.499 0.499 0.501 0.499 0.500 0.498 0.500 0.498 0.501 0.500 0.499 0.499 0.500 0.500 0.500 0.500 0.499 0.500 0.500 0.500 0.501 0.500 0.500 0.499 0.500 0.500 0.500 0.499 0.500 0.500 0.500 0.500 0.500 0.500 0.499 0.500 0.500 0.501 0.500 0.500 0.500 0.500 0.501 0.500 0.501 0.500 0.500 0.500 0.500 0.500 0.500 0.500 0.500 0.500 0.500 0.499 0.500 0.500 0.500 0.500 0.500 0.499 0.500 0.500 0.500 0.500 0.500 0.500 0.500 0.501 0.500
0.385 0.448 0.470 0.484 0.495 0.484 0.498 0.499 0.498 0.499 0.501 0.497 0.502 0.501 0.503 0.499 0.500 0.502 0.499 0.498 0.501 0.500 0.499 0.500 0.501 0.500 0.500 0.500 0.499 0.500 0.501 0.500 0.499 0.501 0.500 0.501 0.500 0.499 0.499 0.500 0.501 0.499 0.500 0.500 0.499 0.501 0.500 0.500 0.498 0.501 0.500 0.500 0.500 0.499 0.500 0.500 0.500 0.500 0.500 0.500 0.500 0.500 0.500 0.500 0.500 0.500 0.500 0.501 0.499 0.500 0.500 0.500 0.500 0.500 0.500 0.500 0.500 0.500 0.500 0.500 0.500 0.500 0.500 0.500 0.500 0.501 0.500 0.500 0.500 0.500 0.500 0.500 0.500 0.500 0.500 0.500 0.500 0.500 0.499 0.500
0.337 0.447 0.467 0.493 0.483 0.497 0.499 0.500 0.499 0.498 0.496 0.503 0.500 0.497 0.497 0.500 0.501 0.500 0.500 0.500 0.499 0.500 0.500 0.499 0.500 0.500 0.499 0.499 0.500 0.499 0.500 0.500 0.500 0.501 0.501 0.499 0.500 0.500 0.501 0.499 0.499 0.501 0.501 0.499 0.500 0.500 0.500 0.500 0.500 0.500 0.500 0.499 0.500 0.501 0.500 0.500 0.500 0.499 0.500 0.500 0.500 0.499 0.502 0.500 0.500 0.500 0.500 0.500 0.500 0.500 0.500 0.500 0.500 0.500 0.500 0.499 0.500 0.500 0.500 0.500 0.500 0.500 0.500 0.500 0.500 0.500 0.500 0.500 0.501 0.501 0.500 0.500 0.500 0.500 0.501 0.500 0.500 0.500 0.500 0.500
0.347 0.471 0.477 0.495 0.496 0.495 0.493 0.498 0.496 0.500 0.501 0.501 0.500 0.496 0.498 0.498 0.500 0.497 0.497 0.499 0.501 0.502 0.501 0.500 0.500 0.499 0.500 0.498 0.499 0.502 0.497 0.501 0.501 0.500 0.499 0.500 0.500 0.500 0.501 0.500 0.500 0.500 0.501 0.500 0.499 0.500 0.500 0.499 0.498 0.500 0.501 0.499 0.500 0.500 0.501 0.501 0.499 0.500 0.500 0.500 0.500 0.500 0.499 0.501 0.500 0.500 0.500 0.500 0.501 0.500 0.500 0.499 0.500 0.500 0.500 0.500 0.500 0.500 0.500 0.500 0.500 0.500 0.501 0.500 0.500 0.499 0.500 0.500 0.500 0.500 0.500 0.500 0.500 0.500 0.500 0.500 0.500 0.500 0.500 0.500
0.346 0.447 0.483 0.473 0.490 0.493 0.495 0.503 0.497 0.496 0.500 0.498 0.500 0.498 0.499 0.499 0.499 0.497 0.498 0.500 0.499 0.499 0.498 0.500 0.499 0.500 0.501 0.502 0.500 0.499 0.500 0.499 0.499 0.499 0.499 0.498 0.500 0.499 0.499 0.500 0.500 0.500 0.499 0.499 0.501 0.500 0.500 0.502 0.500 0.501 0.500 0.500 0.500 0.500 0.502 0.501 0.499 0.499 0.500 0.500 0.500 0.500 0.500 0.500 0.500 0.501 0.500 0.500 0.499 0.500 0.500 0.500 0.500 0.500 0.501 0.500 0.500 0.500 0.500 0.500 0.500 0.501 0.500 0.500 0.500 0.500 0.500 0.500 0.500 0.500 0.500 0.501 0.500 0.500 0.501 0.500 0.500 0.499 0.500 0.500
0.301 0.454 0.462 0.484 0.478 0.484 0.491 0.493 0.494 0.494 0.501 0.495 0.499 0.496 0.497 0.498 0.498 0.500 0.501 0.499 0.501 0.501 0.499 0.499 0.498 0.499 0.498 0.501 0.500 0.500 0.500 0.499 0.500 0.501 0.499 0.500 0.502 0.500 0.500 0.501 0.501 0.500 0.499 0.500 0.499 0.498 0.501 0.501 0.500 0.500 0.501 0.501 0.501 0.500 0.499 0.501 0.499 0.500 0.500 0.501 0.500 0.500 0.499 0.500 0.500 0.500 0.500 0.501 0.499 0.500 0.500 0.500 0.500 0.500 0.499 0.500 0.501 0.500 0.500 0.500 0.500 0.500 0.499 0.499 0.500 0.500 0.500 0.500 0.500 0.499 0.500 0.500 0.500 0.499 0.500 0.500 0.500 0.500 0.500 0.500
0.265 0.412 0.447 0.480 0.499 0.487 0.494 0.488 0.498 0.497 0.495 0.493 0.495 0.503 0.499 0.501 0.498 0.497 0.500 0.494 0.500 0.499 0.498 0.500 0.502 0.501 0.499 0.500 0.498 0.500 0.498 0.501 0.500 0.501 0.499 0.502 0.500 0.501 0.500 0.500 0.498 0.500 0.500 0.502 0.500 0.501 0.502 0.499 0.500 0.500 0.500 0.500 0.499 0.501 0.500 0.500 0.500 0.500 0.500 0.500 0.501 0.500 0.500 0.499 0.499 0.500 0.500 0.500 0.500 0.499 0.499 0.499 0.500 0.500 0.500 0.500 0.501 0.500 0.500 0.500 0.500 0.500 0.500 0.500 0.500 0.500 0.500 0.500 0.501 0.500 0.500 0.500 0.500 0.500 0.499 0.499 0.500 0.499 0.501 0.500
0.260 0.435 0.448 0.470 0.494 0.490 0.489 0.497 0.491 0.494 0.499 0.494 0.500 0.499 0.496 0.494 0.494 0.498 0.499 0.497 0.498 0.499 0.499 0.500 0.498 0.499 0.499 0.500 0.501 0.497 0.500 0.498 0.499 0.500 0.500 0.498 0.499 0.499 0.500 0.500 0.499 0.501 0.500 0.502 0.499 0.499 0.500 0.501 0.499 0.498 0.500 0.501 0.500 0.500 0.501 0.501 0.500 0.498 0.500 0.500 0.500 0.499 0.500 0.500 0.502 0.500 0.501 0.499 0.500 0.500 0.500 0.500 0.499 0.499 0.500 0.500 0.500 0.501 0.501 0.500 0.500 0.499 0.501 0.499 0.500 0.500 0.500 0.500 0.500 0.500 0.500 0.500 0.500 0.500 0.500 0.500 0.500 0.500 0.500 0.500
0.216 0.415 0.477 0.455 0.482 0.490 0.501 0.494 0.497 0.495 0.491 0.493 0.497 0.498 0.499 0.501 0.498 0.492 0.501 0.499 0.499 0.499 0.501 0.501 0.499 0.495 0.499 0.499 0.502 0.500 0.501 0.500 0.498 0.499 0.499 0.499 0.501 0.498 0.500 0.500 0.499 0.499 0.501 0.499 0.499 0.499 0.499 0.501 0.500 0.499 0.498 0.500 0.500 0.500 0.499 0.501 0.500 0.499 0.501 0.499 0.501 0.500 0.500 0.500 0.500 0.500 0.500 0.499 0.500 0.500 0.500 0.500 0.500 0.500 0.500 0.499 0.500 0.500 0.500 0.500 0.500 0.500 0.500 0.500 0.500 0.499 0.501 0.500 0.501 0.500 0.501 0.500 0.499 0.500 0.498 0.500 0.500 0.500 0.500 0.500
0.250 0.435 0.482 0.475 0.487 0.483 0.476 0.489 0.491 0.496 0.498 0.497 0.495 0.502 0.492 0.497 0.497 0.496 0.502 0.498 0.496 0.503 0.495 0.501 0.496 0.502 0.498 0.498 0.500 0.498 0.500 0.503 0.500 0.498 0.499 0.502 0.500 0.501 0.500 0.500 0.500 0.498 0.499 0.499 0.499 0.501 0.501 0.500 0.500 0.501 0.500 0.500 0.500 0.500 0.499 0.500 0.499 0.500 0.499 0.500 0.500 0.499 0.500 0.500 0.500 0.499 0.499 0.499 0.498 0.500 0.499 0.500 0.500 0.501 0.500 0.500 0.500 0.500 0.500 0.501 0.500 0.500 0.499 0.500 0.500 0.500 0.500 0.500 0.500 0.500 0.499 0.501 0.500 0.500 0.500 0.500 0.500 0.500 0.501 0.500
0.253 0.386 0.461 0.469 0.481 0.497 0.491 0.493 0.499 0.499 0.491 0.502 0.497 0.492 0.502 0.494 0.499 0.497 0.494 0.498 0.502 0.503 0.499 0.501 0.500 0.502 0.498 0.504 0.499 0.497 0.502 0.499 0.499 0.501 0.500 0.499 0.499 0.499 0.500 0.501 0.499 0.503 0.500 0.500 0.501 0.500 0.500 0.498 0.500 0.501 0.499 0.499 0.499 0.499 0.501 0.498 0.498 0.501 0.500 0.499 0.500 0.499 0.499 0.500 0.499 0.501 0.499 0.501 0.499 0.499 0.499 0.500 0.501 0.500 0.501 0.501 0.501 0.500 0.499 0.500 0.499 0.500 0.500 0.500 0.499 0.500 0.500 0.500 0.500 0.500 0.499 0.499 0.500 0.500 0.500 0.500 0.500 0.500 0.501 0.500
0.217 0.389 0.453 0.452 0.490 0.482 0.481 0.496 0.494 0.494 0.509 0.494 0.500 0.499 0.502 0.498 0.496 0.501 0.499 0.501 0.501 0.502 0.494 0.502 0.497 0.501 0.499 0.501 0.498 0.500 0.500 0.496 0.500 0.499 0.501 0.500 0.500 0.500 0.500 0.498 0.500 0.501 0.498 0.498 0.500 0.499 0.498 0.502 0.500 0.500 0.500 0.500 0.500 0.499 0.499 0.500 0.500 0.500 0.500 0.501 0.498 0.500 0.500 0.500 0.500 0.499 0.500 0.501 0.500 0.499 0.500 0.500 0.500 0.500 0.500 0.499 0.499 0.500 0.500 0.501 0.501 0.500 0.500 0.500 0.501 0.500 0.499 0.501 0.499 0.500 0.500 0.500 0.500 0.499 0.500 0.501 0.500 0.499 0.500 0.500
0.221 0.374 0.462 0.463 0.466 0.489 0.488 0.502 0.489 0.492 0.495 0.498 0.499 0.497 0.501 0.498 0.498 0.497 0.496 0.492 0.495 0.500 0.498 0.496 0.500 0.496 0.500 0.496 0.499 0.502 0.497 0.502 0.499 0.500 0.499 0.502 0.499 0.499 0.497 0.498 0.500 0.498 0.499 0.501 0.497 0.501 0.500 0.500 0.499 0.501 0.500 0.499 0.500 0.499 0.500 0.500 0.499 0.499 0.500 0.501 0.500 0.501 0.500 0.500 0.500 0.499 0.500 0.500 0.500 0.499 0.500 0.501 0.500 0.500 0.500 0.500 0.499 0.501 0.500 0.501 0.501 0.501 0.500 0.501 0.500 0.501 0.500 0.501 0.500 0.500 0.501 0.498 0.500 0.499 0.499 0.500 0.500 0.500 0.500 0.500
0.202 0.380 0.463 0.460 0.486 0.483 0.479 0.494 0.498 0.489 0.494 0.494 0.497 0.499 0.506 0.498 0.498 0.498 0.499 0.499 0.492 0.496 0.504 0.499 0.504 0.501 0.500 0.496 0.502 0.501 0.499 0.501 0.502 0.497 0.502 0.501 0.501 0.498 0.500 0.499 0.501 0.499 0.500 0.500 0.497 0.499 0.500 0.497 0.498 0.500 0.498 0.500 0.501 0.501 0.500 0.500 0.500 0.500 0.500 0.501 0.499 0.501 0.499 0.499 0.500 0.500 0.500 0.500 0.500 0.500 0.499 0.500 0.501 0.500 0.499 0.500 0.501 0.500 0.500 0.499 0.500 0.500 0.500 0.500 0.500 0.501 0.499 0.500 0.499 0.499 0.500 0.500 0.499 0.500 0.500 0.500 0.500 0.500 0.500 0.500
0.171 0.392 0.435 0.454 0.481 0.498 0.469 0.490 0.492 0.488 0.498 0.493 0.493 0.490 0.495 0.500 0.490 0.502 0.496 0.496 0.500 0.496 0.496 0.496 0.500 0.498 0.498 0.498 0.500 0.500 0.500 0.501 0.499 0.501 0.501 0.497 0.497 0.500 0.500 0.500 0.503 0.501 0.500 0.497 0.498 0.502 0.500 0.500 0.499 0.501 0.499 0.498 0.501 0.498 0.501 0.499 0.500 0.499 0.500 0.499 0.500 0.500 0.497 0.500 0.499 0.500 0.498 0.501 0.501 0.498 0.501 0.499 0.500 0.500 0.501 0.500 0.501 0.499 0.500 0.501 0.500 0.500 0.499 0.500 0.499 0.500 0.500 0.500 0.501 0.500 0.500 0.501 0.500 0.500 0.501 0.499 0.500 0.500 0.500 0.500
0.192 0.367 0.416 0.455 0.481 0.480 0.479 0.487 0.483 0.487 0.495 0.488 0.493 0.491 0.500 0.495 0.501 0.494 0.502 0.496 0.496 0.497 0.497 0.500 0.503 0.494 0.499 0.503 0.500 0.498 0.499 0.499 0.501 0.499 0.499 0.501 0.497 0.504 0.499 0.499 0.501 0.501 0.498 0.499 0.500 0.497 0.499 0.499 0.500 0.500 0.501 0.500 0.499 0.499 0.500 0.501 0.499 0.500 0.500 0.499 0.499 0.498 0.500 0.501 0.499 0.499 0.499 0.499 0.500 0.500 0.500 0.500 0.500 0.500 0.500 0.500 0.500 0.501 0.500 0.500 0.499 0.501 0.500 0.500 0.500 0.501 0.500 0.500 0.500 0.500 0.500 0.500 0.500 0.500 0.499 0.500 0.500 0.500 0.500 0.500
0.166 0.399 0.403 0.458 0.484 0.471 0.477 0.486 0.495 0.494 0.493 0.491 0.489 0.495 0.501 0.491 0.493 0.500 0.500 0.500 0.497 0.498 0.506 0.493 0.500 0.498 0.498 0.497 0.498 0.500 0.496 0.498 0.498 0.500 0.500 0.496 0.498 0.499 0.497 0.502 0.499 0.497 0.501 0.501 0.500 0.498 0.501 0.496 0.498 0.500 0.499 0.498 0.500 0.499 0.500 0.501 0.499 0.500 0.501 0.498 0.502 0.499 0.499 0.500 0.500 0.499 0.502 0.500 0.500 0.500 0.499 0.500 0.499 0.499 0.499 0.500 0.499 0.499 0.500 0.500 0.500 0.500 0.500 0.499 0.501 0.500 0.501 0.499 0.500 0.499 0.498 0.499 0.500 0.499 0.499 0.500 0.500 0.500 0.500 0.499
0.202 0.389 0.417 0.423 0.456 0.490 0.476 0.497 0.496 0.503 0.495 0.491 0.490 0.493 0.497 0.488 0.501 0.496 0.494 0.497 0.497 0.499 0.493 0.501 0.496 0.494 0.498 0.500 0.501 0.498 0.498 0.496 0.495 0.496 0.498 0.499 0.500 0.497 0.500 0.498 0.500 0.498 0.499 0.502 0.497 0.498 0.500 0.498 0.499 0.500 0.500 0.498 0.500 0.499 0.499 0.499 0.501 0.500 0.500 0.498 0.500 0.501 0.498 0.499 0.501 0.499 0.501 0.500 0.499 0.499 0.500 0.501 0.498 0.500 0.501 0.499 0.500 0.498 0.500 0.500 0.500 0.500 0.500 0.499 0.499 0.500 0.501 0.501 0.501 0.499 0.500 0.499 0.499 0.500 0.502 0.501 0.501 0.500 0.501 0.500
0.153 0.355 0.396 0.471 0.463 0.461 0.499 0.506 0.502 0.497 0.495 0.487 0.486 0.491 0.506 0.492 0.492 0.495 0.496 0.491 0.495 0.502 0.495 0.494 0.500 0.499 0.501 0.502 0.498 0.501 0.498 0.501 0.499 0.503 0.499 0.500 0.498 0.501 0.496 0.498 0.500 0.501 0.497 0.497 0.502 0.499 0.498 0.499 0.503 0.501 0.502 0.501 0.497 0.498 0.499 0.499 0.502 0.500 0.499 0.500 0.500 0.499 0.499 0.500 0.498 0.502 0.500 0.499 0.501 0.500 0.499 0.500 0.501 0.500 0.499 0.498 0.501 0.500 0.500 0.499 0.498 0.499 0.499 0.500 0.499 0.498 0.499 0.500 0.499 0.499 0.501 0.501 0.500 0.500 0.500 0.499 0.500 0.499 0.500 0.500
0.150 0.384 0.422 0.426 0.467 0.485 0.487 0.487 0.475 0.490 0.498 0.492 0.494 0.501 0.499 0.494 0.497 0.499 0.495 0.494 0.500 0.495 0.499 0.499 0.499 0.492 0.501 0.498 0.498 0.504 0.497 0.500 0.498 0.500 0.501 0.499 0.498 0.497 0.501 0.499 0.500 0.499 0.500 0.499 0.502 0.499 0.501 0.501 0.499 0.499 0.500 0.501 0.498 0.500 0.500 0.501 0.500 0.500 0.501 0.500 0.500 0.503 0.502 0.500 0.499 0.498 0.499 0.498 0.500 0.500 0.499 0.500 0.499 0.498 0.499 0.499 0.500 0.500 0.499 0.500 0.501 0.499 0.500 0.500 0.499 0.500 0.500 0.501 0.501 0.501 0.499 0.501 0.500 0.501 0.500 0.500 0.501 0.501 0.499 0.499
0.093 0.345 0.398 0.445 0.473 0.477 0.476 0.497 0.476 0.489 0.486 0.488 0.504 0.496 0.486 0.498 0.503 0.496 0.502 0.504 0.500 0.490 0.501 0.497 0.498 0.496 0.498 0.494 0.495 0.498 0.500 0.497 0.499 0.497 0.500 0.499 0.500 0.497 0.499 0.498 0.498 0.499 0.502 0.500 0.498 0.503 0.498 0.501 0.500 0.499 0.500 0.499 0.499 0.499 0.499 0.501 0.500 0.498 0.498 0.499 0.500 0.499 0.500 0.499 0.503 0.498 0.499 0.498 0.500 0.499 0.500 0.501 0.501 0.502 0.499 0.499 0.501 0.501 0.500 0.500 0.501 0.500 0.499 0.501 0.501 0.499 0.498 0.500 0.500 0.501 0.500 0.501 0.500 0.500 0.500 0.501 0.500 0.500 0.500 0.499
0.126 0.353 0.430 0.412 0.459 0.486 0.482 0.491 0.485 0.486 0.492 0.500 0.500 0.502 0.502 0.489 0.499 0.498 0.493 0.498 0.502 0.495 0.497 0.502 0.501 0.499 0.501 0.498 0.500 0.501 0.497 0.497 0.496 0.500 0.500 0.499 0.499 0.498 0.499 0.502 0.501 0.497 0.498 0.503 0.500 0.499 0.503 0.500 0.499 0.498 0.499 0.500 0.498 0.498 0.501 0.501 0.501 0.499 0.504 0.500 0.500 0.500 0.499 0.498 0.501 0.499 0.499 0.500 0.500 0.500 0.499 0.498 0.499 0.500 0.499 0.499 0.500 0.500 0.500 0.501 0.500 0.501 0.499 0.501 0.500 0.500 0.500 0.499 0.500 0.499 0.500 0.500 0.499 0.499 0.500 0.500 0.501 0.500 0.499 0.499
0.110 0.286 0.414 0.439 0.457 0.474 0.465 0.484 0.483 0.485 0.483 0.492 0.484 0.490 0.489 0.484 0.497 0.498 0.496 0.498 0.499 0.505 0.498 0.498 0.496 0.495 0.494 0.495 0.499 0.495 0.499 0.498 0.498 0.504 0.500 0.496 0.500 0.498 0.498 0.498 0.500 0.502 0.495 0.498 0.500 0.498 0.498 0.501 0.500 0.500 0.500 0.499 0.498 0.500 0.499 0.499 0.501 0.500 0.499 0.499 0.499 0.501 0.499 0.502 0.497 0.500 0.499 0.502 0.499 0.499 0.500 0.499 0.500 0.497 0.500 0.500 0.499 0.501 0.500 0.501 0.500 0.501 0.500 0.499 0.498 0.499 0.499 0.499 0.498 0.500 0.500 0.501 0.499 0.500 0.500 0.500 0.501 0.500 0.500 0.500
0.106 0.299 0.406 0.421 0.444 0.484 0.472 0.467 0.489 0.485 0.500 0.487 0.493 0.498 0.498 0.493 0.494 0.497 0.495 0.499 0.503 0.498 0.493 0.498 0.497 0.501 0.501 0.492 0.499 0.500 0.500 0.501 0.499 0.497 0.499 0.495 0.502 0.500 0.499 0.499 0.501 0.499 0.501 0.497 0.499 0.500 0.500 0.500 0.501 0.501 0.503 0.499 0.501 0.501 0.500 0.499 0.500 0.502 0.500 0.497 0.498 0.499 0.496 0.500 0.499 0.500 0.499 0.499 0.501 0.500 0.500 0.501 0.499 0.501 0.501 0.499 0.499 0.501 0.501 0.497 0.500 0.501 0.500 0.500 0.498 0.499 0.499 0.500 0.500 0.500 0.500 0.500 0.501 0.500 0.502 0.500 0.501 0.500 0.500 0.499
0.140 0.273 0.406 0.429 0.433 0.472 0.478 0.482 0.482 0.471 0.495 0.476 0.489 0.499 0.498 0.496 0.500 0.494 0.496 0.505 0.496 0.496 0.498 0.501 0.500 0.500 0.498 0.492 0.500 0.497 0.497 0.498 0.501 0.501 0.502 0.503 0.500 0.499 0.501 0.497 0.498 0.498 0.497 0.496 0.497 0.498 0.500 0.501 0.499 0.498 0.500 0.499 0.501 0.501 0.499 0.501 0.502 0.501 0.500 0.499 0.498 0.501 0.500 0.498 0.499 0.500 0.496 0.500 0.498 0.498 0.498 0.500 0.501 0.498 0.500 0.500 0.500 0.499 0.500 0.499 0.499 0.500 0.499 0.501 0.502 0.499 0.499 0.500 0.499 0.499 0.500 0.499 0.501 0.500 0.500 0.500 0.499 0.498 0.500 0.500
0.100 0.301 0.400 0.414 0.430 0.470 0.475 0.478 0.472 0.491 0.502 0.492 0.483 0.486 0.491 0.494 0.495 0.492 0.491 0.500 0.494 0.493 0.500 0.493 0.497 0.494 0.496 0.495 0.500 0.498 0.495 0.497 0.497 0.498 0.499 0.494 0.498 0.497 0.498 0.501 0.503 0.501 0.500 0.499 0.500 0.500 0.499 0.501 0.501 0.499 0.499 0.501 0.496 0.498 0.497 0.501 0.500 0.500 0.500 0.500 0.499 0.501 0.501 0.499 0.500 0.502 0.499 0.501 0.496 0.502 0.500 0.497 0.499 0.499 0.500 0.499 0.499 0.499 0.498 0.499 0.498 0.500 0.500 0.501 0.499 0.501 0.500 0.499 0.500 0.498 0.501 0.500 0.500 0.500 0.501 0.500 0.498 0.500 0.499 0.499
0.114 0.274 0.402 0.415 0.439 0.455 0.455 0.485 0.475 0.480 0.489 0.488 0.501 0.495 0.487 0.493 0.491 0.500 0.492 0.499 0.490 0.500 0.502 0.496 0.502 0.494 0.497 0.495 0.501 0.493 0.502 0.493 0.499 0.500 0.500 0.501 0.498 0.496 0.503 0.503 0.498 0.499 0.498 0.498 0.500 0.499 0.500 0.496 0.499 0.500 0.503 0.498 0.500 0.499 0.499 0.499 0.500 0.501 0.499 0.499 0.501 0.498 0.498 0.498 0.497 0.499 0.499 0.500 0.501 0.499 0.500 0.499 0.500 0.500 0.500 0.501 0.499 0.501 0.497 0.498 0.500 0.501 0.500 0.500 0.499 0.501 0.502 0.501 0.501 0.499 0.499 0.499 0.500 0.498 0.501 0.499 0.500 0.500 0.501 0.497
0.104 0.308 0.383 0.421 0.446 0.476 0.473 0.496 0.488 0.496 0.482 0.508 0.498 0.483 0.500 0.495 0.487 0.489 0.494 0.497 0.499 0.501 0.499 0.496 0.494 0.496 0.495 0.496 0.498 0.499 0.500 0.500 0.497 0.497 0.499 0.497 0.496 0.502 0.498 0.503 0.500 0.497 0.500 0.501 0.502 0.500 0.498 0.496 0.501 0.497 0.499 0.499 0.501 0.500 0.500 0.499 0.498 0.498 0.502 0.498 0.500 0.498 0.502 0.500 0.499 0.501 0.501 0.501 0.501 0.501 0.499 0.500 0.500 0.498 0.500 0.499 0.500 0.502 0.501 0.500 0.499 0.501 0.501 0.501 0.500 0.500 0.500 0.500 0.500 0.499 0.501 0.500 0.500 0.501 0.500 0.500 0.500 0.500 0.500 0.500
0.113 0.284 0.358 0.424 0.436 0.459 0.454 0.471 0.463 0.473 0.480 0.503 0.493 0.493 0.498 0.499 0.493 0.501 0.496 0.498 0.496 0.504 0.501 0.497 0.495 0.498 0.494 0.501 0.500 0.493 0.498 0.499 0.498 0.498 0.499 0.497 0.497 0.499 0.497 0.501 0.499 0.498 0.499 0.500 0.501 0.498 0.501 0.501 0.503 0.500 0.499 0.500 0.497 0.502 0.500 0.500 0.500 0.501 0.500 0.496 0.499 0.498 0.498 0.498 0.501 0.502 0.499 0.498 0.501 0.500 0.500 0.499 0.499 0.499 0.499 0.500 0.501 0.497 0.497 0.498 0.498 0.500 0.500 0.502 0.497 0.500 0.500 0.501 0.500 0.500 0.499 0.501 0.501 0.500 0.502 0.498 0.498 0.500 0.501 0.500
0.094 0.285 0.344 0.422 0.454 0.460 0.474 0.479 0.459 0.486 0.483 0.483 0.497 0.483 0.492 0.501 0.500 0.496 0.497 0.491 0.494 0.494 0.494 0.494 0.500 0.497 0.495 0.498 0.500 0.498 0.501 0.498 0.497 0.498 0.499 0.495 0.496 0.496 0.496 0.496 0.498 0.503 0.501 0.500 0.504 0.499 0.499 0.496 0.497 0.503 0.496 0.497 0.502 0.499 0.499 0.500 0.501 0.498 0.500 0.497 0.499 0.501 0.499 0.501 0.499 0.499 0.501 0.499 0.500 0.500 0.502 0.500 0.498 0.500 0.499 0.500 0.499 0.500 0.500 0.498 0.499 0.501 0.504 0.499 0.500 0.499 0.500 0.499 0.501 0.500 0.501 0.499 0.499 0.499 0.500 0.501 0.500 0.499 0.502 0.500
0.072 0.239 0.365 0.424 0.472 0.452 0.476 0.487 0.474 0.476 0.484 0.478 0.506 0.504 0.485 0.494 0.492 0.491 0.489 0.493 0.497 0.497 0.495 0.500 0.504 0.489 0.499 0.502 0.495 0.493 0.492 0.502 0.499 0.501 0.495 0.496 0.502 0.499 0.501 0.498 0.498 0.497 0.500 0.498 0.500 0.498 0.501 0.499 0.497 0.498 0.499 0.498 0.502 0.503 0.498 0.499 0.497 0.499 0.498 0.500 0.500 0.500 0.500 0.499 0.501 0.498 0.498 0.500 0.498 0.499 0.500 0.500 0.498 0.501 0.500 0.500 0.501 0.501 0.498 0.499 0.502 0.500 0.502 0.500 0.500 0.499 0.500 0.501 0.498 0.500 0.500 0.501 0.499 0.498 0.502 0.500 0.499 0.499 0.500 0.502
0.069 0.286 0.341 0.389 0.436 0.454 0.450 0.483 0.476 0.475 0.482 0.486 0.498 0.489 0.491 0.499 0.503 0.491 0.504 0.498 0.498 0.498 0.491 0.493 0.500 0.496 0.494 0.496 0.495 0.500 0.492 0.501 0.495 0.496 0.500 0.499 0.499 0.498 0.498 0.501 0.497 0.499 0.499 0.498 0.495 0.496 0.501 0.499 0.498 0.498 0.500 0.499 0.499 0.501 0.500 0.500 0.500 0.499 0.498 0.502 0.500 0.498 0.499 0.499 0.499 0.498 0.498 0.498 0.501 0.497 0.504 0.499 0.501 0.499 0.501 0.497 0.500 0.501 0.499 0.499 0.499 0.500 0.500 0.499 0.499 0.497 0.499 0.498 0.500 0.499 0.498 0.501 0.500 0.500 0.500 0.499 0.500 0.499 0.499 0.500
0.098 0.260 0.367 0.373 0.455 0.438 0.473 0.464 0.469 0.497 0.476 0.475 0.487 0.495 0.498 0.497 0.479 0.488 0.491 0.492 0.496 0.492 0.503 0.494 0.495 0.501 0.500 0.495 0.495 0.498 0.497 0.500 0.499 0.497 0.500 0.496 0.498 0.500 0.498 0.500 0.499 0.499 0.498 0.495 0.500 0.498 0.496 0.497 0.501 0.496 0.499 0.500 0.500 0.500 0.498 0.499 0.500 0.498 0.499 0.500 0.497 0.500 0.499 0.500 0.501 0.497 0.501 0.502 0.501 0.498 0.500 0.501 0.497 0.499 0.500 0.497 0.500 0.500 0.498 0.500 0.499 0.500 0.500 0.501 0.500 0.498 0.499 0.498 0.499 0.500 0.500 0.501 0.500 0.499 0.502 0.500 0.500 0.499 0.501 0.499
0.091 0.245 0.329 0.397 0.445 0.456 0.463 0.454 0.463 0.486 0.486 0.497 0.502 0.486 0.476 0.483 0.489 0.499 0.490 0.494 0.497 0.489 0.503 0.494 0.498 0.494 0.497 0.495 0.500 0.497 0.494 0.498 0.503 0.498 0.505 0.501 0.502 0.492 0.495 0.500 0.500 0.495 0.498 0.500 0.503 0.495 0.498 0.499 0.500 0.499 0.497 0.502 0.498 0.500 0.498 0.497 0.499 0.499 0.498 0.498 0.500 0.499 0.501 0.500 0.501 0.499 0.497 0.499 0.500 0.501 0.501 0.501 0.499 0.500 0.498 0.501 0.498 0.500 0.499 0.499 0.499 0.498 0.499 0.500 0.498 0.500 0.500 0.499 0.500 0.499 0.498 0.499 0.502 0.499 0.502 0.500 0.499 0.500 0.501 0.499
0.120 0.258 0.306 0.374 0.436 0.466 0.463 0.473 0.469 0.470 0.475 0.503 0.481 0.502 0.496 0.499 0.497 0.490 0.502 0.496 0.495 0.497 0.485 0.495 0.500 0.501 0.499 0.500 0.496 0.497 0.493 0.497 0.499 0.500 0.509 0.499 0.505 0.500 0.496 0.494 0.497 0.495 0.503 0.499 0.501 0.502 0.501 0.498 0.499 0.497 0.500 0.498 0.496 0.498 0.498 0.499 0.499 0.499 0.498 0.498 0.498 0.501 0.500 0.498 0.500 0.498 0.498 0.498 0.502 0.498 0.499 0.504 0.502 0.499 0.499 0.499 0.501 0.499 0.501 0.497 0.498 0.499 0.500 0.502 0.497 0.500 0.502 0.502 0.500 0.496 0.500 0.500 0.501 0.500 0.499 0.500 0.500 0.500 0.499 0.500
0.087 0.219 0.328 0.374 0.428 0.435 0.432 0.471 0.468 0.472 0.481 0.475 0.504 0.479 0.496 0.494 0.491 0.495 0.488 0.493 0.490 0.490 0.496 0.502 0.508 0.499 0.493 0.495 0.497 0.498 0.502 0.499 0.500 0.499 0.496 0.496 0.497 0.497 0.499 0.502 0.497 0.498 0.500 0.498 0.499 0.501 0.504 0.500 0.504 0.502 0.499 0.500 0.502 0.500 0.496 0.498 0.500 0.498 0.500 0.502 0.503 0.501 0.498 0.497 0.499 0.500 0.498 0.498 0.498 0.502 0.498 0.498 0.498 0.503 0.501 0.501 0.502 0.500 0.497 0.497 0.501 0.500 0.499 0.500 0.500 0.500 0.501 0.501 0.500 0.500 0.502 0.500 0.498 0.499 0.500 0.499 0.502 0.497 0.500 0.498
0.076 0.226 0.330 0.408 0.407 0.462 0.453 0.449 0.468 0.483 0.474 0.496 0.492 0.479 0.498 0.477 0.495 0.494 0.488 0.486 0.480 0.486 0.487 0.500 0.493 0.496 0.500 0.501 0.495 0.502 0.501 0.501 0.495 0.497 0.501 0.495 0.497 0.498 0.498 0.498 0.498 0.503 0.500 0.502 0.498 0.498 0.501 0.497 0.499 0.496 0.499 0.497 0.502 0.501 0.500 0.496 0.500 0.501 0.495 0.502 0.502 0.501 0.500 0.500 0.501 0.500 0.499 0.500 0.502 0.501 0.501 0.500 0.501 0.500 0.496 0.498 0.500 0.499 0.502 0.499 0.499 0.500 0.499 0.500 0.500 0.499 0.501 0.499 0.500 0.499 0.498 0.501 0.500 0.500 0.499 0.500 0.499 0.502 0.502 0.501
0.044 0.191 0.273 0.393 0.395 0.461 0.433 0.467 0.490 0.462 0.486 0.499 0.485 0.498 0.485 0.472 0.490 0.497 0.489 0.494 0.492 0.491 0.501 0.497 0.498 0.498 0.500 0.501 0.500 0.494 0.493 0.501 0.497 0.499 0.495 0.496 0.500 0.500 0.499 0.496 0.500 0.500 0.498 0.495 0.496 0.501 0.497 0.502 0.500 0.501 0.498 0.498 0.498 0.498 0.499 0.501 0.500 0.498 0.498 0.499 0.498 0.497 0.499 0.499 0.500 0.503 0.500 0.499 0.500 0.502 0.496 0.499 0.498 0.498 0.497 0.500 0.501 0.500 0.498 0.500 0.499 0.497 0.499 0.501 0.497 0.499 0.499 0.498 0.497 0.499 0.502 0.500 0.502 0.498 0.501 0.501 0.500 0.500 0.499 0.501
0.075 0.191 0.378 0.392 0.442 0.422 0.440 0.454 0.481 0.474 0.464 0.481 0.482 0.503 0.490 0.499 0.488 0.480 0.486 0.497 0.492 0.507 0.493 0.494 0.495 0.495 0.498 0.494 0.505 0.498 0.496 0.500 0.498 0.494 0.502 0.497 0.494 0.495 0.496 0.502 0.499 0.496 0.503 0.501 0.495 0.498 0.499 0.501 0.499 0.500 0.497 0.498 0.497 0.499 0.504 0.498 0.495 0.499 0.498 0.497 0.500 0.501 0.501 0.499 0.504 0.500 0.501 0.500 0.502 0.499 0.499 0.499 0.499 0.499 0.498 0.496 0.498 0.501 0.499 0.496 0.497 0.500 0.499 0.499 0.501 0.500 0.502 0.500 0.501 0.500 0.498 0.501 0.502 0.500 0.501 0.498 0.499 0.499 0.499 0.501
0.081 0.213 0.314 0.362 0.380 0.433 0.455 0.467 0.434 0.458 0.475 0.485 0.486 0.506 0.484 0.496 0.487 0.487 0.490 0.494 0.499 0.495 0.490 0.500 0.500 0.497 0.504 0.496 0.503 0.498 0.500 0.498 0.498 0.499 0.500 0.490 0.496 0.497 0.500 0.501 0.500 0.499 0.495 0.493 0.495 0.496 0.494 0.498 0.499 0.500 0.497 0.498 0.497 0.498 0.502 0.501 0.502 0.503 0.500 0.496 0.496 0.495 0.500 0.497 0.497 0.499 0.498 0.495 0.498 0.503 0.499 0.499 0.498 0.500 0.500 0.498 0.501 0.500 0.500 0.497 0.500 0.500 0.499 0.499 0.499 0.500 0.500 0.500 0.500 0.501 0.500 0.500 0.498 0.500 0.502 0.500 0.500 0.499 0.499 0.500
0.036 0.178 0.347 0.340 0.419 0.430 0.467 0.460 0.462 0.477 0.491 0.491 0.474 0.499 0.497 0.502 0.501 0.491 0.498 0.496 0.486 0.499 0.488 0.495 0.492 0.495 0.495 0.497 0.497 0.505 0.495 0.493 0.498 0.495 0.498 0.490 0.492 0.501 0.493 0.501 0.496 0.496 0.498 0.499 0.499 0.500 0.496 0.494 0.497 0.501 0.495 0.498 0.496 0.498 0.498 0.497 0.501 0.501 0.496 0.499 0.500 0.501 0.500 0.502 0.498 0.501 0.498 0.499 0.503 0.502 0.500 0.501 0.498 0.497 0.500 0.499 0.501 0.500 0.503 0.500 0.498 0.503 0.500 0.501 0.500 0.500 0.499 0.497 0.499 0.501 0.500 0.499 0.501 0.499 0.499 0.499 0.497 0.501 0.500 0.499
0.061 0.229 0.319 0.374 0.419 0.396 0.475 0.465 0.473 0.455 0.480 0.482 0.493 0.482 0.482 0.483 0.487 0.486 0.486 0.492 0.497 0.493 0.493 0.495 0.499 0.493 0.495 0.495 0.495 0.499 0.500 0.498 0.498 0.501 0.499 0.501 0.496 0.494 0.500 0.497 0.500 0.494 0.496 0.496 0.499 0.501 0.501 0.498 0.504 0.498 0.499 0.497 0.502 0.493 0.500 0.497 0.500 0.501 0.496 0.500 0.501 0.501 0.499 0.499 0.498 0.503 0.501 0.498 0.501 0.501 0.501 0.499 0.501 0.497 0.497 0.500 0.502 0.498 0.498 0.498 0.500 0.499 0.500 0.501 0.500 0.502 0.501 0.501 0.502 0.496 0.499 0.500 0.500 0.498 0.499 0.499 0.501 0.500 0.500 0.500
0.123 0.140 0.314 0.353 0.411 0.437 0.425 0.468 0.480 0.496 0.486 0.466 0.487 0.481 0.492 0.480 0.490 0.486 0.472 0.491 0.494 0.494 0.497 0.497 0.489 0.501 0.493 0.491 0.503 0.496 0.496 0.487 0.497 0.502 0.496 0.491 0.499 0.496 0.503 0.498 0.503 0.491 0.504 0.496 0.498 0.498 0.495 0.498 0.499 0.499 0.501 0.496 0.500 0.504 0.501 0.495 0.499 0.503 0.501 0.497 0.502 0.499 0.496 0.500 0.502 0.498 0.502 0.499 0.498 0.499 0.499 0.499 0.498 0.500 0.502 0.501 0.502 0.499 0.499 0.499 0.499 0.500 0.500 0.500 0.499 0.499 0.499 0.502 0.501 0.500 0.497 0.501 0.500 0.501 0.497 0.500 0.500 0.501 0.499 0.499
0.099 0.219 0.267 0.321 0.411 0.447 0.445 0.447 0.473 0.458 0.472 0.474 0.481 0.506 0.486 0.494 0.484 0.482 0.486 0.485 0.496 0.482 0.485 0.487 0.494 0.495 0.491 0.487 0.499 0.491 0.490 0.495 0.488 0.499 0.495 0.497 0.495 0.492 0.493 0.501 0.503 0.494 0.501 0.500 0.490 0.497 0.497 0.500 0.498 0.502 0.498 0.504 0.500 0.502 0.497 0.497 0.497 0.499 0.502 0.501 0.498 0.498 0.500 0.500 0.493 0.500 0.501 0.498 0.499 0.495 0.497 0.502 0.497 0.501 0.499 0.501 0.499 0.501 0.499 0.500 0.502 0.499 0.496 0.501 0.500 0.501 0.497 0.498 0.499 0.500 0.498 0.497 0.499 0.499 0.500 0.500 0.498 0.499 0.499 0.502
0.063 0.179 0.310 0.360 0.375 0.410 0.429 0.457 0.445 0.480 0.485 0.453 0.481 0.468 0.486 0.487 0.470 0.483 0.487 0.491 0.477 0.497 0.486 0.496 0.497 0.489 0.493 0.497 0.502 0.492 0.499 0.501 0.504 0.492 0.501 0.495 0.498 0.501 0.494 0.498 0.495 0.503 0.499 0.497 0.498 0.498 0.496 0.499 0.497 0.496 0.495 0.503 0.499 0.498 0.501 0.502 0.503 0.499 0.498 0.498 0.498 0.500 0.498 0.497 0.500 0.499 0.497 0.499 0.501 0.500 0.500 0.501 0.499 0.499 0.500 0.498 0.498 0.500 0.497 0.500 0.501 0.499 0.501 0.498 0.499 0.500 0.502 0.503 0.498 0.499 0.500 0.499 0.500 0.501 0.498 0.500 0.500 0.500 0.497 0.501
0.055 0.204 0.288 0.348 0.425 0.444 0.467 0.442 0.463 0.477 0.479 0.472 0.473 0.490 0.481 0.481 0.490 0.494 0.487 0.490 0.493 0.498 0.491 0.484 0.489 0.490 0.498 0.499 0.491 0.488 0.502 0.494 0.494 0.503 0.499 0.498 0.492 0.502 0.501 0.494 0.501 0.503 0.496 0.504 0.494 0.494 0.495 0.492 0.500 0.498 0.498 0.499 0.500 0.499 0.500 0.502 0.502 0.501 0.498 0.503 0.496 0.501 0.500 0.499 0.498 0.501 0.500 0.496 0.499 0.500 0.499 0.499 0.497 0.502 0.499 0.501 0.497 0.499 0.500 0.501 0.501 0.500 0.498 0.501 0.498 0.500 0.498 0.501 0.498 0.501 0.498 0.499 0.501 0.498 0.499 0.501 0.501 0.501 0.500 0.497
0.050 0.207 0.270 0.363 0.369 0.409 0.431 0.465 0.463 0.493 0.470 0.491 0.486 0.486 0.474 0.489 0.492 0.488 0.490 0.484 0.485 0.491 0.488 0.492 0.486 0.498 0.496 0.489 0.495 0.492 0.490 0.488 0.493 0.495 0.493 0.506 0.498 0.498 0.498 0.500 0.497 0.502 0.498 0.499 0.498 0.501 0.499 0.498 0.500 0.500 0.498 0.502 0.498 0.492 0.502 0.498 0.500 0.502 0.495 0.497 0.499 0.503 0.500 0.496 0.502 0.498 0.499 0.501 0.497 0.498 0.499 0.495 0.501 0.500 0.500 0.501 0.498 0.498 0.498 0.504 0.499 0.499 0.497 0.499 0.501 0.501 0.502 0.499 0.499 0.497 0.498 0.499 0.498 0.503 0.498 0.497 0.497 0.499 0.496 0.498
0.053 0.201 0.272 0.346 0.377 0.426 0.448 0.445 0.461 0.468 0.476 0.477 0.466 0.469 0.485 0.496 0.483 0.479 0.493 0.501 0.494 0.496 0.488 0.493 0.495 0.495 0.497 0.491 0.496 0.502 0.503 0.496 0.493 0.504 0.492 0.496 0.500 0.492 0.498 0.498 0.500 0.503 0.501 0.501 0.496 0.495 0.504 0.492 0.498 0.497 0.500 0.500 0.499 0.500 0.500 0.500 0.497 0.497 0.499 0.490 0.504 0.498 0.498 0.499 0.494 0.501 0.500 0.501 0.501 0.498 0.497 0.500 0.500 0.498 0.500 0.499 0.498 0.501 0.500 0.499 0.500 0.498 0.499 0.500 0.501 0.501 0.500 0.499 0.501 0.498 0.500 0.500 0.501 0.499 0.499 0.499 0.500 0.497 0.503 0.499
0.050 0.249 0.284 0.330 0.406 0.414 0.413 0.443 0.436 0.455 0.473 0.478 0.472 0.487 0.486 0.486 0.492 0.487 0.491 0.492 0.497 0.502 0.484 0.491 0.490 0.499 0.496 0.492 0.495 0.499 0.503 0.495 0.494 0.506 0.494 0.495 0.496 0.502 0.498 0.500 0.495 0.497 0.498 0.502 0.497 0.495 0.497 0.496 0.498 0.500 0.500 0.497 0.502 0.499 0.496 0.504 0.494 0.497 0.501 0.500 0.500 0.499 0.499 0.499 0.496 0.498 0.496 0.498 0.493 0.499 0.499 0.498 0.498 0.497 0.496 0.502 0.500 0.502 0.501 0.501 0.499 0.498 0.502 0.503 0.499 0.500 0.500 0.500 0.501 0.501 0.500 0.500 0.499 0.499 0.501 0.499 0.501 0.499 0.500 0.498
0.104 0.175 0.271 0.325 0.360 0.443 0.398 0.457 0.453 0.461 0.466 0.458 0.477 0.485 0.486 0.504 0.477 0.499 0.487 0.486 0.494 0.498 0.502 0.493 0.503 0.495 0.491 0.502 0.492 0.494 0.496 0.495 0.490 0.502 0.502 0.503 0.499 0.500 0.499 0.498 0.500 0.494 0.497 0.489 0.495 0.505 0.496 0.498 0.498 0.495 0.498 0.497 0.498 0.501 0.497 0.500 0.501 0.499 0.499 0.497 0.502 0.501 0.494 0.498 0.496 0.498 0.499 0.497 0.498 0.499 0.494 0.499 0.499 0.498 0.504 0.501 0.501 0.501 0.496 0.499 0.501 0.500 0.502 0.500 0.500 0.500 0.500 0.500 0.497 0.503 0.498 0.500 0.500 0.502 0.499 0.499 0.501 0.501 0.499 0.499
0.044 0.175 0.289 0.337 0.371 0.411 0.418 0.438 0.481 0.450 0.454 0.487 0.480 0.486 0.482 0.490 0.485 0.482 0.496 0.497 0.496 0.495 0.493 0.492 0.487 0.494 0.496 0.485 0.494 0.502 0.507 0.496 0.491 0.495 0.494 0.496 0.498 0.494 0.494 0.493 0.494 0.502 0.496 0.496 0.496 0.497 0.499 0.497 0.497 0.500 0.495 0.499 0.501 0.494 0.498 0.499 0.498 0.503 0.501 0.495 0.495 0.503 0.499 0.504 0.497 0.502 0.499 0.501 0.501 0.496 0.497 0.496 0.500 0.501 0.499 0.501 0.500 0.498 0.499 0.498 0.500 0.502 0.501 0.498 0.500 0.500 0.496 0.499 0.502 0.498 0.497 0.500 0.498 0.502 0.500 0.499 0.500 0.499 0.500 0.502
0.083 0.167 0.283 0.316 0.369 0.397 0.420 0.424 0.459 0.472 0.468 0.478 0.462 0.497 0.487 0.496 0.492 0.490 0.497 0.494 0.483 0.495 0.498 0.491 0.497 0.498 0.501 0.491 0.497 0.499 0.493 0.498 0.497 0.492 0.494 0.501 0.497 0.489 0.493 0.492 0.496 0.488 0.493 0.498 0.500 0.499 0.495 0.500 0.498 0.496 0.499 0.502 0.499 0.497 0.499 0.500 0.500 0.498 0.498 0.495 0.503 0.496 0.499 0.498 0.501 0.499 0.499 0.499 0.500 0.498 0.495 0.501 0.499 0.497 0.499 0.502 0.501 0.501 0.501 0.498 0.496 0.500 0.498 0.498 0.502 0.497 0.497 0.501 0.498 0.500 0.501 0.501 0.501 0.505 0.499 0.503 0.498 0.497 0.499 0.499
0.020 0.184 0.256 0.323 0.335 0.395 0.463 0.436 0.443 0.450 0.479 0.470 0.454 0.468 0.481 0.472 0.480 0.493 0.494 0.484 0.499 0.497 0.499 0.493 0.502 0.491 0.486 0.493 0.494 0.489 0.491 0.493 0.499 0.488 0.498 0.504 0.496 0.498 0.505 0.504 0.491 0.502 0.498 0.495 0.494 0.498 0.495 0.492 0.503 0.502 0.501 0.498 0.499 0.498 0.495 0.502 0.499 0.500 0.501 0.500 0.503 0.498 0.499 0.495 0.500 0.498 0.501 0.500 0.500 0.495 0.497 0.499 0.498 0.497 0.496 0.500 0.498 0.497 0.497 0.500 0.500 0.501 0.499 0.497 0.500 0.500 0.496 0.498 0.498 0.499 0.500 0.500 0.501 0.500 0.499 0.497 0.499 0.499 0.497 0.499
0.077 0.160 0.266 0.296 0.370 0.343 0.392 0.424 0.418 0.441 0.481 0.461 0.465 0.479 0.494 0.477 0.489 0.494 0.487 0.501 0.490 0.488 0.496 0.485 0.502 0.484 0.503 0.500 0.502 0.491 0.493 0.494 0.494 0.502 0.498 0.494 0.497 0.494 0.499 0.501 0.498 0.501 0.496 0.496 0.494 0.497 0.503 0.500 0.501 0.496 0.499 0.495 0.494 0.499 0.501 0.502 0.502 0.499 0.499 0.495 0.499 0.497 0.501 0.496 0.497 0.498 0.501 0.498 0.499 0.499 0.499 0.496 0.496 0.499 0.499 0.496 0.498 0.500 0.500 0.499 0.499 0.500 0.500 0.502 0.496 0.499 0.500 0.503 0.500 0.500 0.500 0.500 0.500 0.498 0.501 0.501 0.499 0.501 0.500 0.499
0.095 0.144 0.273 0.348 0.346 0.399 0.422 0.421 0.412 0.444 0.485 0.476 0.459 0.495 0.490 0.498 0.487 0.486 0.497 0.486 0.486 0.491 0.493 0.497 0.486 0.484 0.495 0.493 0.497 0.492 0.495 0.499 0.506 0.491 0.507 0.493 0.495 0.493 0.492 0.494 0.499 0.494 0.498 0.495 0.496 0.498 0.499 0.495 0.489 0.501 0.496 0.501 0.500 0.499 0.496 0.496 0.495 0.501 0.502 0.502 0.497 0.502 0.501 0.500 0.503 0.497 0.497 0.500 0.498 0.496 0.499 0.503 0.501 0.500 0.499 0.497 0.500 0.498 0.500 0.500 0.501 0.497 0.497 0.499 0.499 0.503 0.499 0.499 0.501 0.498 0.500 0.500 0.501 0.497 0.499 0.498 0.501 0.498 0.497 0.501
0.011 0.136 0.237 0.274 0.380 0.403 0.414 0.423 0.433 0.452 0.447 0.466 0.463 0.475 0.462 0.472 0.492 0.497 0.491 0.482 0.489 0.489 0.496 0.491 0.497 0.501 0.484 0.491 0.501 0.494 0.496 0.498 0.503 0.497 0.486 0.490 0.498 0.498 0.497 0.499 0.497 0.489 0.491 0.497 0.491 0.503 0.503 0.497 0.498 0.498 0.498 0.499 0.497 0.498 0.498 0.502 0.496 0.492 0.503 0.502 0.498 0.503 0.497 0.497 0.497 0.504 0.498 0.499 0.500 0.498 0.499 0.499 0.502 0.499 0.500 0.497 0.500 0.501 0.498 0.496 0.500 0.499 0.501 0.499 0.500 0.500 0.501 0.497 0.501 0.502 0.502 0.500 0.499 0.502 0.495 0.497 0.499 0.498 0.499 0.498
0.045 0.157 0.253 0.275 0.369 0.401 0.424 0.459 0.443 0.457 0.484 0.484 0.478 0.474 0.470 0.471 0.482 0.468 0.494 0.503 0.486 0.490 0.494 0.493 0.488 0.497 0.492 0.498 0.499 0.493 0.493 0.501 0.505 0.494 0.498 0.495 0.497 0.497 0.497 0.501 0.496 0.498 0.498 0.497 0.501 0.507 0.501 0.497 0.504 0.504 0.493 0.499 0.498 0.501 0.496 0.493 0.499 0.497 0.499 0.500 0.499 0.498 0.499 0.499 0.500 0.500 0.498 0.496 0.495 0.499 0.499 0.503 0.499 0.497 0.497 0.502 0.496 0.503 0.498 0.494 0.498 0.501 0.499 0.500 0.498 0.498 0.500 0.498 0.497 0.501 0.498 0.498 0.499 0.501 0.500 0.503 0.502 0.501 0.501 0.499
0.048 0.131 0.242 0.320 0.365 0.389 0.412 0.419 0.453 0.467 0.468 0.451 0.485 0.485 0.477 0.471 0.487 0.505 0.489 0.485 0.498 0.495 0.487 0.500 0.490 0.491 0.497 0.493 0.489 0.491 0.488 0.495 0.498 0.497 0.501 0.490 0.499 0.501 0.497 0.493 0.503 0.499 0.500 0.497 0.499 0.492 0.497 0.495 0.493 0.498 0.495 0.495 0.500 0.497 0.498 0.503 0.496 0.501 0.500 0.499 0.499 0.498 0.500 0.500 0.501 0.497 0.498 0.503 0.496 0.498 0.500 0.499 0.501 0.505 0.501 0.500 0.500 0.501 0.494 0.500 0.499 0.498 0.501 0.499 0.503 0.501 0.503 0.500 0.503 0.499 0.501 0.500 0.496 0.500 0.502 0.499 0.500 0.495 0.499 0.501
0.048 0.148 0.219 0.342 0.346 0.383 0.440 0.453 0.456 0.426 0.445 0.486 0.475 0.456 0.494 0.486 0.479 0.488 0.499 0.491 0.489 0.485 0.485 0.496 0.490 0.495 0.494 0.498 0.491 0.496 0.502 0.495 0.487 0.489 0.500 0.494 0.501 0.498 0.502 0.498 0.495 0.493 0.496 0.500 0.500 0.497 0.497 0.497 0.494 0.499 0.502 0.497 0.497 0.495 0.496 0.500 0.498 0.497 0.502 0.498 0.495 0.500 0.500 0.502 0.499 0.496 0.494 0.498 0.498 0.503 0.503 0.496 0.498 0.498 0.502 0.496 0.500 0.503 0.501 0.496 0.503 0.501 0.497 0.498 0.503 0.497 0.499 0.497 0.501 0.500 0.499 0.500 0.499 0.499 0.498 0.500 0.499 0.500 0.501 0.499
0.010 0.208 0.241 0.322 0.379 0.375 0.411 0.421 0.437 0.443 0.457 0.469 0.458 0.482 0.470 0.480 0.482 0.487 0.485 0.477 0.494 0.482 0.491 0.487 0.488 0.498 0.481 0.490 0.501 0.484 0.491 0.491 0.499 0.496 0.482 0.505 0.499 0.497 0.503 0.492 0.495 0.495 0.492 0.494 0.496 0.496 0.496 0.501 0.500 0.495 0.495 0.498 0.497 0.501 0.496 0.496 0.499 0.499 0.498 0.500 0.500 0.501 0.502 0.500 0.500 0.497 0.500 0.498 0.500 0.495 0.497 0.500 0.499 0.500 0.497 0.498 0.499 0.496 0.499 0.497 0.499 0.500 0.503 0.500 0.497 0.498 0.498 0.500 0.500 0.500 0.501 0.501 0.498 0.497 0.498 0.500 0.499 0.502 0.500 0.499
0.057 0.103 0.187 0.271 0.334 0.365 0.409 0.427 0.440 0.443 0.450 0.447 0.479 0.471 0.475 0.479 0.466 0.496 0.478 0.476 0.494 0.476 0.479 0.484 0.491 0.490 0.502 0.502 0.498 0.501 0.497 0.494 0.508 0.499 0.494 0.498 0.498 0.495 0.500 0.496 0.494 0.494 0.500 0.496 0.493 0.499 0.495 0.503 0.491 0.502 0.500 0.498 0.496 0.497 0.504 0.496 0.494 0.502 0.499 0.498 0.500 0.500 0.500 0.496 0.501 0.497 0.498 0.497 0.499 0.500 0.497 0.499 0.499 0.498 0.503 0.499 0.500 0.502 0.495 0.499 0.501 0.499 0.501 0.500 0.501 0.500 0.496 0.503 0.498 0.501 0.499 0.500 0.498 0.502 0.498 0.499 0.496 0.499 0.500 0.496
0.072 0.167 0.265 0.296 0.363 0.367 0.416 0.399 0.413 0.437 0.453 0.473 0.442 0.482 0.495 0.497 0.479 0.481 0.492 0.490 0.500 0.479 0.484 0.484 0.490 0.481 0.477 0.483 0.489 0.501 0.493 0.503 0.491 0.498 0.493 0.506 0.497 0.481 0.491 0.501 0.502 0.496 0.493 0.493 0.492 0.500 0.500 0.501 0.493 0.491 0.500 0.494 0.498 0.496 0.499 0.500 0.500 0.490 0.501 0.496 0.498 0.500 0.497 0.498 0.500 0.497 0.499 0.499 0.501 0.498 0.496 0.498 0.500 0.500 0.501 0.502 0.502 0.498 0.499 0.499 0.498 0.501 0.498 0.502 0.499 0.498 0.498 0.498 0.499 0.497 0.498 0.502 0.498 0.499 0.499 0.501 0.499 0.500 0.499 0.501
0.012 0.153 0.239 0.282 0.297 0.365 0.430 0.399 0.419 0.456 0.473 0.459 0.469 0.471 0.482 0.487 0.485 0.482 0.476 0.480 0.496 0.484 0.488 0.487 0.488 0.500 0.492 0.494 0.488 0.499 0.494 0.496 0.492 0.495 0.504 0.493 0.501 0.491 0.497 0.495 0.499 0.496 0.495 0.504 0.502 0.491 0.503 0.494 0.504 0.490 0.498 0.502 0.497 0.497 0.499 0.499 0.496 0.497 0.498 0.499 0.500 0.496 0.495 0.500 0.494 0.498 0.499 0.501 0.501 0.499 0.500 0.496 0.498 0.499 0.496 0.498 0.500 0.501 0.501 0.496 0.501 0.499 0.495 0.496 0.499 0.501 0.499 0.499 0.498 0.501 0.499 0.498 0.499 0.496 0.500 0.499 0.502 0.499 0.500 0.499
-0.003 0.100 0.221 0.295 0.313 0.405 0.431 0.442 0.440 0.452 0.423 0.441 0.492 0.454 0.462 0.479 0.477 0.475 0.494 0.500 0.496 0.474 0.491 0.500 0.487 0.500 0.484 0.485 0.489 0.490 0.489 0.501 0.484 0.494 0.499 0.489 0.503 0.488 0.489 0.492 0.499 0.494 0.503 0.498 0.504 0.496 0.497 0.501 0.501 0.494 0.500 0.498 0.491 0.497 0.500 0.501 0.495 0.497 0.501 0.499 0.498 0.500 0.492 0.499 0.495 0.500 0.501 0.500 0.496 0.500 0.500 0.499 0.498 0.502 0.499 0.501 0.503 0.495 0.497 0.494 0.500 0.498 0.502 0.499 0.499 0.499 0.499 0.502 0.500 0.497 0.496 0.499 0.500 0.497 0.497 0.499 0.497 0.499 0.500 0.497
0.061 0.104 0.155 0.273 0.357 0.344 0.407 0.406 0.425 0.460 0.484 0.454 0.493 0.470 0.467 0.478 0.478 0.489 0.497 0.480 0.496 0.482 0.493 0.482 0.484 0.494 0.492 0.503 0.498 0.498 0.490 0.497 0.497 0.501 0.490 0.493 0.492 0.502 0.496 0.500 0.494 0.494 0.498 0.495 0.499 0.495 0.498 0.499 0.497 0.489 0.504 0.499 0.501 0.501 0.495 0.496 0.498 0.502 0.497 0.502 0.499 0.503 0.495 0.501 0.498 0.500 0.497 0.496 0.504 0.503 0.499 0.498 0.501 0.498 0.500 0.498 0.505 0.503 0.501 0.500 0.497 0.501 0.501 0.497 0.502 0.499 0.500 0.499 0.498 0.503 0.495 0.501 0.500 0.501 0.499 0.503 0.497 0.498 0.497 0.502
0.078 0.134 0.249 0.256 0.333 0.389 0.433 0.401 0.431 0.438 0.465 0.481 0.460 0.462 0.472 0.467 0.492 0.490 0.496 0.482 0.486 0.496 0.480 0.485 0.489 0.489 0.487 0.482 0.500 0.493 0.495 0.496 0.487 0.497 0.497 0.495 0.499 0.495 0.499 0.491 0.495 0.499 0.495 0.500 0.500 0.495 0.500 0.499 0.490 0.491 0.500 0.495 0.502 0.498 0.497 0.497 0.500 0.499 0.498 0.496 0.494 0.499 0.498 0.501 0.499 0.499 0.498 0.504 0.503 0.496 0.500 0.497 0.495 0.499 0.501 0.499 0.498 0.500 0.498 0.501 0.497 0.498 0.497 0.499 0.498 0.501 0.497 0.499 0.501 0.500 0.499 0.500 0.498 0.501 0.499 0.498 0.499 0.500 0.500 0.500
-0.031 0.109 0.198 0.274 0.389 0.398 0.418 0.473 0.442 0.460 0.434 0.482 0.464 0.464 0.482 0.481 0.476 0.496 0.467 0.477 0.485 0.489 0.478 0.495 0.487 0.486 0.495 0.483 0.496 0.491 0.486 0.487 0.501 0.491 0.505 0.491 0.487 0.487 0.494 0.497 0.487 0.496 0.491 0.497 0.499 0.498 0.498 0.498 0.491 0.496 0.496 0.499 0.494 0.498 0.503 0.495 0.496 0.499 0.503 0.498 0.499 0.503 0.503 0.508 0.505 0.495 0.504 0.497 0.505 0.498 0.503 0.497 0.499 0.501 0.501 0.499 0.496 0.498 0.497 0.503 0.498 0.500 0.500 0.500 0.498 0.501 0.498 0.500 0.501 0.503 0.502 0.500 0.501 0.500 0.498 0.498 0.499 0.502 0.498 0.499
0.043 0.133 0.145 0.280 0.326 0.382 0.376 0.401 0.421 0.426 0.470 0.471 0.461 0.471 0.463 0.485 0.464 0.466 0.479 0.502 0.475 0.481 0.495 0.483 0.489 0.492 0.494 0.501 0.504 0.486 0.507 0.500 0.501 0.496 0.494 0.490 0.505 0.491 0.492 0.500 0.497 0.501 0.499 0.486 0.487 0.490 0.501 0.495 0.495 0.498 0.494 0.497 0.495 0.502 0.494 0.496 0.501 0.502 0.494 0.497 0.496 0.495 0.500 0.501 0.497 0.500 0.499 0.500 0.502 0.499 0.499 0.494 0.497 0.499 0.495 0.500 0.497 0.501 0.498 0.498 0.500 0.498 0.499 0.500 0.501 0.496 0.503 0.499 0.498 0.497 0.495 0.501 0.499 0.500 0.499 0.500 0.504 0.497 0.504 0.499
0.028 0.133 0.195 0.276 0.305 0.375 0.356 0.400 0.420 0.428 0.458 0.470 0.462 0.457 0.472 0.480 0.471 0.482 0.455 0.484 0.490 0.493 0.482 0.486 0.497 0.489 0.487 0.491 0.497 0.504 0.497 0.492 0.497 0.498 0.493 0.496 0.499 0.489 0.490 0.494 0.498 0.498 0.497 0.493 0.495 0.492 0.497 0.498 0.496 0.502 0.497 0.499 0.494 0.501 0.499 0.506 0.492 0.500 0.497 0.496 0.498 0.498 0.502 0.501 0.498 0.497 0.498 0.494 0.505 0.500 0.497 0.497 0.498 0.497 0.498 0.500 0.504 0.498 0.499 0.499 0.501 0.498 0.503 0.498 0.502 0.496 0.500 0.503 0.497 0.501 0.499 0.499 0.496 0.496 0.499 0.498 0.499 0.499 0.501 0.499
0.013 0.086 0.206 0.269 0.322 0.368 0.378 0.413 0.415 0.439 0.460 0.443 0.463 0.490 0.465 0.473 0.482 0.480 0.484 0.481 0.474 0.498 0.486 0.495 0.486 0.487 0.476 0.489 0.494 0.492 0.485 0.494 0.503 0.497 0.502 0.488 0.495 0.490 0.492 0.500 0.505 0.500 0.500 0.495 0.497 0.497 0.492 0.496 0.498 0.508 0.498 0.497 0.502 0.503 0.500 0.501 0.501 0.502 0.500 0.503 0.499 0.501 0.496 0.499 0.493 0.501 0.498 0.499 0.499 0.507 0.499 0.495 0.504 0.496 0.500 0.500 0.500 0.502 0.495 0.499 0.499 0.503 0.502 0.499 0.500 0.503 0.498 0.498 0.503 0.499 0.499 0.501 0.498 0.500 0.500 0.498 0.500 0.496 0.497 0.495
0.069 0.147 0.190 0.243 0.377 0.365 0.377 0.399 0.401 0.438 0.476 0.453 0.450 0.465 0.477 0.477 0.500 0.492 0.480 0.480 0.490 0.475 0.476 0.479 0.482 0.492 0.493 0.491 0.482 0.499 0.491 0.501 0.496 0.480 0.490 0.495 0.496 0.490 0.499 0.492 0.491 0.494 0.497 0.498 0.491 0.498 0.494 0.492 0.499 0.499 0.498 0.497 0.496 0.496 0.492 0.495 0.497 0.496 0.502 0.496 0.489 0.497 0.499 0.499 0.499 0.499 0.501 0.499 0.499 0.494 0.497 0.501 0.494 0.504 0.493 0.497 0.504 0.499 0.502 0.499 0.499 0.501 0.498 0.498 0.499 0.496 0.499 0.500 0.498 0.499 0.501 0.502 0.499 0.498 0.498 0.499 0.499 0.498 0.500 0.501
0.060 0.098 0.216 0.260 0.317 0.381 0.390 0.389 0.412 0.403 0.429 0.487 0.448 0.464 0.461 0.461 0.469 0.469 0.470 0.474 0.498 0.475 0.483 0.485 0.501 0.503 0.492 0.491 0.492 0.491 0.503 0.491 0.503 0.495 0.494 0.492 0.496 0.496 0.495 0.503 0.495 0.505 0.494 0.495 0.498 0.495 0.493 0.493 0.492 0.497 0.496 0.496 0.501 0.498 0.491 0.495 0.500 0.499 0.497 0.499 0.496 0.496 0.501 0.500 0.496 0.490 0.498 0.496 0.495 0.497 0.500 0.501 0.500 0.501 0.495 0.500 0.493 0.499 0.497 0.500 0.499 0.499 0.501 0.496 0.497 0.503 0.500 0.498 0.499 0.500 0.497 0.497 0.500 0.499 0.498 0.497 0.496 0.500 0.500 0.497
0.024 0.102 0.197 0.262 0.311 0.347 0.424 0.434 0.426 0.391 0.449 0.474 0.466 0.483 0.472 0.466 0.472 0.473 0.474 0.469 0.480 0.489 0.500 0.492 0.503 0.487 0.483 0.508 0.496 0.484 0.499 0.489 0.482 0.494 0.490 0.495 0.505 0.497 0.500 0.496 0.490 0.493 0.501 0.496 0.493 0.494 0.499 0.497 0.505 0.496 0.493 0.491 0.499 0.493 0.499 0.499 0.500 0.497 0.502 0.501 0.497 0.500 0.496 0.502 0.498 0.500 0.496 0.504 0.500 0.500 0.495 0.501 0.501 0.501 0.494 0.500 0.499 0.500 0.495 0.497 0.495 0.496 0.495 0.499 0.497 0.499 0.502 0.501 0.500 0.500 0.499 0.499 0.496 0.501 0.499 0.497 0.502 0.502 0.498 0.502
0.019 0.084 0.207 0.214 0.317 0.366 0.371 0.412 0.378 0.433 0.440 0.459 0.460 0.463 0.473 0.477 0.491 0.491 0.468 0.481 0.471 0.489 0.484 0.488 0.482 0.483 0.482 0.493 0.493 0.489 0.488 0.494 0.499 0.506 0.501 0.499 0.500 0.496 0.495 0.493 0.496 0.498 0.494 0.493 0.495 0.497 0.500 0.496 0.502 0.496 0.491 0.504 0.499 0.495 0.499 0.493 0.491 0.496 0.500 0.498 0.497 0.501 0.501 0.498 0.507 0.500 0.497 0.499 0.504 0.499 0.499 0.500 0.498 0.498 0.495 0.498 0.499 0.499 0.498 0.500 0.500 0.504 0.496 0.499 0.501 0.495 0.496 0.495 0.497 0.503 0.501 0.498 0.497 0.500 0.502 0.497 0.500 0.496 0.499 0.502
0.018 0.069 0.183 0.249 0.285 0.338 0.372 0.402 0.398 0.433 0.460 0.468 0.466 0.476 0.473 0.477 0.466 0.491 0.458 0.477 0.466 0.487 0.477 0.487 0.482 0.488 0.487 0.488 0.492 0.492 0.500 0.483 0.490 0.494 0.493 0.500 0.497 0.488 0.495 0.489 0.494 0.491 0.493 0.491 0.497 0.501 0.491 0.491 0.500 0.494 0.504 0.493 0.497 0.494 0.504 0.493 0.503 0.497 0.501 0.497 0.496 0.497 0.499 0.499 0.498 0.499 0.501 0.497 0.501 0.504 0.496 0.501 0.499 0.497 0.502 0.499 0.500 0.495 0.498 0.498 0.501 0.498 0.499 0.496 0.499 0.501 0.500 0.499 0.500 0.496 0.498 0.498 0.497 0.501 0.500 0.499 0.492 0.501 0.502 0.498
0.045 0.064 0.194 0.229 0.292 0.352 0.343 0.423 0.390 0.421 0.433 0.463 0.447 0.455 0.463 0.466 0.473 0.471 0.472 0.490 0.501 0.495 0.487 0.488 0.485 0.478 0.475 0.498 0.488 0.495 0.492 0.491 0.495 0.501 0.497 0.499 0.500 0.496 0.496 0.493 0.504 0.499 0.499 0.490 0.482 0.495 0.494 0.492 0.501 0.489 0.491 0.495 0.487 0.501 0.498 0.499 0.493 0.496 0.494 0.505 0.495 0.499 0.501 0.497 0.497 0.499 0.501 0.502 0.499 0.496 0.503 0.498 0.501 0.503 0.497 0.498 0.501 0.498 0.499 0.501 0.500 0.502 0.499 0.495 0.499 0.500 0.498 0.502 0.496 0.501 0.500 0.497 0.499 0.499 0.500 0.498 0.501 0.499 0.500 0.504
0.026 0.112 0.211 0.314 0.285 0.374 0.379 0.383 0.407 0.458 0.422 0.453 0.447 0.494 0.470 0.468 0.467 0.482 0.495 0.452 0.469 0.490 0.482 0.493 0.490 0.489 0.475 0.485 0.486 0.484 0.489 0.505 0.485 0.503 0.486 0.492 0.500 0.501 0.504 0.492 0.490 0.490 0.490 0.496 0.499 0.500 0.495 0.492 0.498 0.491 0.490 0.495 0.499 0.494 0.491 0.498 0.503 0.503 0.495 0.493 0.497 0.495 0.494 0.501 0.498 0.500 0.495 0.497 0.499 0.497 0.498 0.499 0.500 0.498 0.496 0.500 0.502 0.499 0.497 0.494 0.497 0.497 0.500 0.501 0.501 0.497 0.497 0.500 0.500 0.502 0.500 0.499 0.496 0.501 0.500 0.498 0.498 0.498 0.500 0.502
0.038 0.098 0.147 0.223 0.322 0.385 0.362 0.368 0.350 0.459 0.423 0.456 0.451 0.467 0.444 0.459 0.440 0.476 0.459 0.478 0.478 0.505 0.466 0.484 0.480 0.487 0.483 0.493 0.498 0.498 0.486 0.508 0.487 0.495 0.486 0.492 0.494 0.490 0.500 0.495 0.485 0.491 0.492 0.499 0.501 0.492 0.492 0.491 0.493 0.499 0.502 0.495 0.494 0.499 0.496 0.501 0.497 0.501 0.495 0.500 0.500 0.495 0.496 0.504 0.498 0.499 0.494 0.498 0.501 0.499 0.493 0.499 0.502 0.501 0.497 0.499 0.498 0.497 0.498 0.500 0.498 0.500 0.499 0.498 0.494 0.494 0.496 0.501 0.496 0.497 0.498 0.501 0.501 0.500 0.496 0.494 0.492 0.495 0.496 0.499
0.034 0.089 0.191 0.256 0.283 0.324 0.346 0.398 0.389 0.441 0.435 0.446 0.445 0.455 0.459 0.485 0.461 0.473 0.476 0.475 0.483 0.479 0.483 0.474 0.491 0.491 0.474 0.499 0.493 0.495 0.504 0.485 0.486 0.496 0.490 0.493 0.500 0.485 0.496 0.495 0.493 0.491 0.500 0.495 0.501 0.494 0.499 0.500 0.489 0.501 0.493 0.501 0.506 0.496 0.493 0.502 0.499 0.499 0.497 0.498 0.503 0.493 0.502 0.498 0.499 0.502 0.494 0.500 0.498 0.502 0.502 0.499 0.492 0.499 0.504 0.500 0.501 0.502 0.498 0.498 0.499 0.498 0.499 0.499 0.501 0.501 0.499 0.499 0.499 0.500 0.500 0.497 0.496 0.496 0.501 0.498 0.501 0.499 0.500 0.504
0.011 0.077 0.187 0.285 0.288 0.358 0.392 0.381 0.444 0.411 0.439 0.437 0.464 0.455 0.461 0.489 0.475 0.476 0.490 0.486 0.486 0.481 0.488 0.496 0.465 0.492 0.479 0.484 0.487 0.486 0.497 0.481 0.506 0.489 0.495 0.489 0.494 0.502 0.494 0.490 0.501 0.501 0.498 0.494 0.499 0.504 0.501 0.490 0.494 0.497 0.493 0.500 0.501 0.495 0.485 0.499 0.498 0.505 0.496 0.495 0.500 0.500 0.497 0.499 0.500 0.499 0.497 0.496 0.497 0.500 0.499 0.496 0.497 0.502 0.500 0.501 0.498 0.494 0.498 0.496 0.501 0.497 0.499 0.502 0.498 0.496 0.495 0.495 0.500 0.505 0.501 0.497 0.498 0.500 0.499 0.500 0.500 0.496 0.498 0.502
-0.006 0.114 0.133 0.251 0.265 0.372 0.332 0.398 0.419 0.430 0.420 0.443 0.446 0.440 0.472 0.448 0.479 0.459 0.467 0.470 0.488 0.472 0.470 0.492 0.483 0.496 0.479 0.475 0.484 0.483 0.487 0.503 0.497 0.491 0.489 0.489 0.495 0.497 0.496 0.497 0.498 0.489 0.490 0.493 0.491 0.493 0.491 0.496 0.496 0.493 0.499 0.499 0.490 0.486 0.499 0.495 0.498 0.497 0.499 0.493 0.495 0.500 0.498 0.501 0.499 0.494 0.495 0.501 0.498 0.497 0.496 0.502 0.498 0.495 0.496 0.497 0.495 0.502 0.500 0.498 0.494 0.498 0.496 0.501 0.499 0.499 0.499 0.492 0.500 0.502 0.498 0.496 0.503 0.501 0.500 0.500 0.500 0.500 0.500 0.500
0.070 0.056 0.184 0.238 0.294 0.339 0.406 0.385 0.417 0.393 0.456 0.470 0.444 0.456 0.455 0.473 0.480 0.488 0.500 0.472 0.490 0.484 0.490 0.493 0.486 0.487 0.490 0.496 0.495 0.487 0.472 0.481 0.486 0.498 0.488 0.491 0.490 0.487 0.492 0.498 0.488 0.486 0.495 0.499 0.500 0.495 0.489 0.500 0.491 0.495 0.505 0.501 0.495 0.494 0.497 0.493 0.495 0.500 0.494 0.505 0.493 0.497 0.495 0.496 0.497 0.499 0.503 0.492 0.499 0.500 0.496 0.497 0.500 0.500 0.496 0.496 0.501 0.497 0.502 0.501 0.499 0.501 0.507 0.498 0.495 0.497 0.498 0.501 0.501 0.500 0.499 0.499 0.498 0.494 0.496 0.501 0.495 0.499 0.496 0.497
0.056 0.089 0.190 0.258 0.264 0.352 0.372 0.413 0.377 0.437 0.412 0.454 0.459 0.449 0.456 0.455 0.460 0.475 0.464 0.472 0.463 0.493 0.478 0.485 0.474 0.495 0.494 0.500 0.492 0.493 0.492 0.495 0.494 0.486 0.487 0.493 0.500 0.491 0.484 0.498 0.490 0.493 0.492 0.496 0.495 0.494 0.500 0.502 0.498 0.503 0.496 0.491 0.494 0.498 0.499 0.496 0.503 0.494 0.496 0.492 0.496 0.501 0.494 0.493 0.495 0.498 0.493 0.501 0.501 0.496 0.498 0.498 0.499 0.498 0.503 0.496 0.502 0.500 0.498 0.497 0.504 0.495 0.497 0.498 0.494 0.501 0.498 0.501 0.495 0.497 0.498 0.501 0.500 0.499 0.501 0.500 0.495 0.499 0.500 0.498
-0.003 0.041 0.163 0.244 0.267 0.345 0.364 0.392 0.396 0.425 0.431 0.459 0.455 0.464 0.469 0.456 0.457 0.469 0.467 0.469 0.491 0.473 0.485 0.473 0.501 0.486 0.470 0.488 0.492 0.489 0.481 0.500 0.485 0.490 0.496 0.496 0.492 0.486 0.487 0.494 0.491 0.490 0.489 0.490 0.492 0.490 0.502 0.496 0.496 0.500 0.489 0.501 0.502 0.499 0.499 0.500 0.498 0.499 0.488 0.500 0.496 0.497 0.498 0.492 0.497 0.491 0.501 0.496 0.495 0.499 0.500 0.497 0.499 0.500 0.499 0.504 0.493 0.497 0.494 0.500 0.501 0.499 0.501 0.501 0.500 0.496 0.502 0.500 0.499 0.498 0.500 0.500 0.498 0.499 0.500 0.500 0.499 0.499 0.497 0.495
0.020 0.054 0.138 0.204 0.245 0.354 0.387 0.413 0.370 0.398 0.396 0.459 0.405 0.442 0.458 0.483 0.470 0.489 0.471 0.486 0.468 0.487 0.482 0.485 0.476 0.473 0.476 0.481 0.491 0.475 0.491 0.498 0.488 0.492 0.498 0.486 0.495 0.497 0.491 0.486 0.491 0.497 0.497 0.492 0.488 0.488 0.500 0.499 0.494 0.502 0.501 0.500 0.496 0.500 0.498 0.497 0.502 0.498 0.497 0.499 0.497 0.499 0.504 0.499 0.494 0.495 0.503 0.499 0.498 0.499 0.500 0.500 0.497 0.499 0.495 0.492 0.496 0.497 0.500 0.502 0.502 0.498 0.504 0.496 0.498 0.494 0.498 0.496 0.494 0.499 0.498 0.500 0.501 0.496 0.497 0.498 0.502 0.501 0.499 0.500
0.001 0.072 0.186 0.232 0.271 0.309 0.348 0.357 0.381 0.424 0.434 0.432 0.460 0.437 0.450 0.459 0.462 0.445 0.491 0.492 0.480 0.464 0.488 0.476 0.485 0.500 0.470 0.480 0.487 0.489 0.484 0.485 0.488 0.478 0.492 0.489 0.486 0.486 0.504 0.487 0.494 0.499 0.498 0.487 0.492 0.499 0.500 0.501 0.489 0.502 0.497 0.497 0.498 0.495 0.498 0.503 0.507 0.497 0.497 0.500 0.498 0.501 0.498 0.496 0.496 0.494 0.497 0.499 0.496 0.497 0.496 0.496 0.498 0.500 0.499 0.497 0.494 0.496 0.494 0.495 0.501 0.499 0.504 0.497 0.497 0.499 0.503 0.495 0.496 0.496 0.496 0.500 0.500 0.502 0.501 0.498 0.498 0.500 0.501 0.499
0.054 0.048 0.195 0.210 0.248 0.292 0.325 0.399 0.374 0.383 0.428 0.428 0.425 0.432 0.470 0.483 0.480 0.471 0.454 0.482 0.474 0.471 0.487 0.483 0.486 0.483 0.482 0.485 0.484 0.481 0.488 0.483 0.493 0.488 0.490 0.490 0.494 0.492 0.491 0.496 0.501 0.495 0.499 0.493 0.493 0.491 0.494 0.500 0.488 0.495 0.494 0.496 0.499 0.500 0.496 0.490 0.504 0.492 0.494 0.495 0.492 0.494 0.495 0.498 0.499 0.497 0.493 0.496 0.496 0.502 0.498 0.500 0.504 0.499 0.502 0.495 0.497 0.501 0.497 0.496 0.503 0.502 0.498 0.497 0.500 0.500 0.496 0.505 0.497 0.502 0.497 0.495 0.498 0.502 0.501 0.502 0.499 0.502 0.496 0.502
0.022 0.035 0.138 0.187 0.288 0.340 0.334 0.390 0.409 0.395 0.410 0.428 0.426 0.444 0.480 0.459 0.456 0.494 0.472 0.482 0.476 0.472 0.482 0.478 0.496 0.484 0.481 0.484 0.480 0.485 0.489 0.494 0.475 0.496 0.499 0.482 0.495 0.507 0.500 0.488 0.494 0.496 0.503 0.497 0.493 0.496 0.488 0.497 0.494 0.498 0.492 0.493 0.493 0.498 0.492 0.499 0.487 0.497 0.497 0.491 0.497 0.497 0.498 0.489 0.499 0.501 0.495 0.493 0.499 0.492 0.501 0.498 0.498 0.500 0.499 0.496 0.501 0.499 0.500 0.500 0.497 0.497 0.499 0.492 0.502 0.498 0.496 0.497 0.495 0.498 0.498 0.500 0.502 0.499 0.498 0.502 0.501 0.502 0.495 0.494
0.005 0.124 0.147 0.228 0.241 0.276 0.382 0.432 0.392 0.387 0.439 0.471 0.433 0.431 0.469 0.456 0.456 0.439 0.474 0.468 0.471 0.480 0.487 0.485 0.474 0.494 0.493 0.483 0.490 0.477 0.485 0.491 0.495 0.486 0.503 0.490 0.499 0.485 0.502 0.484 0.486 0.491 0.493 0.494 0.491 0.499 0.492 0.498 0.494 0.496 0.495 0.497 0.497 0.493 0.498 0.495 0.497 0.498 0.495 0.505 0.496 0.499 0.495 0.492 0.502 0.497 0.504 0.501 0.502 0.497 0.500 0.494 0.495 0.495 0.495 0.496 0.495 0.496 0.498 0.495 0.501 0.491 0.497 0.501 0.499 0.498 0.502 0.496 0.497 0.499 0.495 0.499 0.504 0.501 0.502 0.498 0.500 0.496 0.501 0.498
-0.003 0.101 0.154 0.216 0.252 0.330 0.340 0.358 0.407 0.425 0.417 0.440 0.436 0.469 0.463 0.453 0.468 0.479 0.466 0.464 0.466 0.479 0.494 0.500 0.487 0.505 0.478 0.491 0.469 0.483 0.490 0.492 0.492 0.482 0.501 0.493 0.492 0.486 0.500 0.491 0.493 0.509 0.494 0.485 0.492 0.504 0.494 0.501 0.498 0.491 0.502 0.494 0.491 0.492 0.491 0.495 0.498 0.493 0.496 0.496 0.500 0.495 0.499 0.496 0.502 0.497 0.502 0.505 0.496 0.495 0.498 0.500 0.502 0.499 0.500 0.500 0.495 0.499 0.500 0.496 0.496 0.501 0.500 0.499 0.492 0.491 0.496 0.495 0.493 0.499 0.500 0.497 0.503 0.500 0.499 0.501 0.500 0.496 0.498 0.497
0.041 0.083 0.151 0.171 0.272 0.285 0.361 0.359 0.397 0.441 0.451 0.474 0.447 0.481 0.455 0.457 0.462 0.471 0.478 0.456 0.480 0.452 0.497 0.470 0.487 0.487 0.495 0.482 0.485 0.489 0.491 0.499 0.475 0.487 0.488 0.494 0.498 0.493 0.485 0.494 0.492 0.487 0.496 0.486 0.496 0.494 0.494 0.492 0.502 0.499 0.488 0.498 0.494 0.500 0.498 0.492 0.495 0.494 0.502 0.497 0.501 0.491 0.502 0.488 0.498 0.499 0.502 0.495 0.499 0.499 0.494 0.493 0.502 0.496 0.500 0.499 0.497 0.499 0.492 0.500 0.501 0.499 0.495 0.502 0.500 0.500 0.503 0.497 0.495 0.500 0.498 0.496 0.500 0.498 0.497 0.498 0.497 0.498 0.503 0.496
